0 0.594921875 0.4048611111111111 0.075 0.12638888888888888
0 0.598046875 0.2513888888888889 0.053125 0.09166666666666666
3 0.34453125 0.5041666666666667 0.04140625 0.09722222222222222
0 0.130859375 0.8965277777777778 0.21796875 0.20694444444444443
3 0.36796875 0.7284722222222222 0.04921875 0.1111111111111111
3 0.412890625 0.49375 0.0375 0.07916666666666666
3 0.415234375 0.375 0.0296875 0.06527777777777778
3 0.470703125 0.26458333333333334 0.0234375 0.04861111111111111
3 0.500390625 0.2798611111111111 0.02265625 0.05
3 0.503125 0.24513888888888888 0.01953125 0.04722222222222222
3 0.516015625 0.24930555555555556 0.0203125 0.044444444444444446
3 0.548046875 0.26944444444444443 0.02421875 0.05277777777777778
3 0.560546875 0.25 0.01875 0.041666666666666664
3 0.5625 0.21388888888888888 0.01796875 0.04583333333333333
3 0.65234375 0.24722222222222223 0.0234375 0.04722222222222222
3 0.63515625 0.16527777777777777 0.01484375 0.03194444444444444
3 0.692578125 0.2708333333333333 0.02109375 0.041666666666666664
0 0.596875 0.20416666666666666 0.04140625 0.06111111111111111
0 0.580078125 0.3416666666666667 0.06875 0.13333333333333333
0 0.775390625 0.20833333333333334 0.05078125 0.08472222222222223
2 0.859765625 0.2638888888888889 0.021875 0.059722222222222225
2 0.3625 0.8 0.05234375 0.14583333333333334
2 0.460546875 0.8347222222222223 0.065625 0.1527777777777778
2 0.3421875 0.9847222222222223 0.0453125 0.030555555555555555
2 0.45703125 0.6986111111111111 0.05234375 0.10972222222222222
2 0.483203125 0.6298611111111111 0.03671875 0.10138888888888889
3 0.46328125 0.7472222222222222 0.0578125 0.10972222222222222
3 0.3515625 0.9486111111111111 0.0515625 0.10277777777777777
3 0.46328125 0.6465277777777778 0.04921875 0.09583333333333334
3 0.491796875 0.5229166666666667 0.03671875 0.07083333333333333
2 0.64375 0.6479166666666667 0.05390625 0.1375
2 0.703125 0.7784722222222222 0.059375 0.14444444444444443
3 0.736328125 0.8090277777777778 0.0609375 0.12777777777777777
3 0.705859375 0.6965277777777777 0.046875 0.09583333333333334
0 0.5796875 0.7756944444444445 0.1609375 0.37916666666666665
0 0.57578125 0.5354166666666667 0.09765625 0.18888888888888888
2 0.69453125 0.30833333333333335 0.02421875 0.05694444444444444
2 0.548046875 0.29305555555555557 0.0234375 0.05555555555555555
2 0.560546875 0.27152777777777776 0.0203125 0.04722222222222222
2 0.5640625 0.23472222222222222 0.02109375 0.04583333333333333
2 0.6359375 0.18333333333333332 0.01484375 0.03194444444444444
2 0.65390625 0.2798611111111111 0.02421875 0.06111111111111111