0 0.541015625 0.5777777777777777 0.10703125 0.15416666666666667
0 0.497265625 0.42916666666666664 0.0640625 0.09583333333333334
0 0.57265625 0.4479166666666667 0.06875 0.10555555555555556
3 0.4125 0.9361111111111111 0.0578125 0.125
0 0.6015625 0.38472222222222224 0.04609375 0.09027777777777778
0 0.479296875 0.37916666666666665 0.05390625 0.06944444444444445
0 0.58515625 0.3298611111111111 0.03671875 0.05
0 0.59765625 0.30694444444444446 0.03671875 0.07083333333333333
0 0.553125 0.30833333333333335 0.03671875 0.06388888888888888
3 0.31015625 0.88125 0.05 0.11388888888888889
3 0.323046875 0.5895833333333333 0.03203125 0.07083333333333333
3 0.401953125 0.4409722222222222 0.02265625 0.04722222222222222
3 0.453515625 0.47847222222222224 0.0265625 0.05416666666666667
3 0.456640625 0.4111111111111111 0.021875 0.04861111111111111
3 0.5453125 0.375 0.02109375 0.04027777777777778
3 0.563671875 0.38958333333333334 0.0125 0.02638888888888889
3 0.565234375 0.36527777777777776 0.0203125 0.03611111111111111
3 0.55625 0.35694444444444445 0.0171875 0.03194444444444444
3 0.546484375 0.45416666666666666 0.02421875 0.041666666666666664
3 0.458984375 0.9326388888888889 0.05234375 0.10555555555555556
3 0.513671875 0.9451388888888889 0.05703125 0.10972222222222222
3 0.557421875 0.8631944444444445 0.0484375 0.1
3 0.575390625 0.9541666666666667 0.04375 0.075
3 0.59140625 0.9375 0.0390625 0.09861111111111111
3 0.604296875 0.8236111111111111 0.0421875 0.09444444444444444
3 0.5765625 0.7659722222222223 0.040625 0.09166666666666666
3 0.65625 0.8416666666666667 0.046875 0.09166666666666666
3 0.699609375 0.7722222222222223 0.0453125 0.09861111111111111
3 0.7671875 0.7826388888888889 0.04609375 0.09583333333333334
3 0.713671875 0.8625 0.03984375 0.09583333333333334
3 0.5796875 0.6965277777777777 0.03828125 0.08888888888888889
3 0.618359375 0.7013888888888888 0.04375 0.09583333333333334
3 0.657421875 0.7520833333333333 0.046875 0.10416666666666667
3 0.610546875 0.525 0.0296875 0.06111111111111111
3 0.635546875 0.5388888888888889 0.02890625 0.06388888888888888
3 0.744921875 0.5097222222222222 0.02421875 0.05277777777777778
3 0.805859375 0.41875 0.02421875 0.05277777777777778
3 0.6765625 0.35 0.01640625 0.03333333333333333
3 0.681640625 0.3263888888888889 0.01328125 0.029166666666666667
3 0.665234375 0.2861111111111111 0.0125 0.022222222222222223
3 0.6578125 0.3145833333333333 0.01484375 0.03194444444444444
2 0.553515625 0.9416666666666667 0.0453125 0.10416666666666667
2 0.60625 0.8875 0.04609375 0.10277777777777777
2 0.66171875 0.9076388888888889 0.05859375 0.12638888888888888
2 0.71484375 0.9111111111111111 0.05390625 0.1
2 0.773828125 0.8708333333333333 0.059375 0.1527777777777778
2 0.70078125 0.8298611111111112 0.0484375 0.10416666666666667
2 0.6171875 0.7548611111111111 0.03984375 0.09722222222222222
2 0.61171875 0.5694444444444444 0.0359375 0.07361111111111111
2 0.812109375 0.44930555555555557 0.025 0.05694444444444444
2 0.680078125 0.3736111111111111 0.02265625 0.04861111111111111
2 0.658984375 0.33611111111111114 0.01875 0.043055555555555555
2 0.666796875 0.30069444444444443 0.01484375 0.03611111111111111
2 0.648046875 0.32430555555555557 0.0140625 0.034722222222222224
0 0.48671875 0.7916666666666666 0.13828125 0.25972222222222224
0 0.394140625 0.6590277777777778 0.125 0.21805555555555556
0 0.643359375 0.4756944444444444 0.071875 0.14583333333333334
0 0.64765625 0.39305555555555555 0.0578125 0.0875
0 0.579296875 0.2625 0.02578125 0.043055555555555555
1 0.7125 0.5166666666666667 0.0703125 0.12083333333333333