4 0.3625 0.5541666666666667 0.11875 0.20972222222222223
0 0.564453125 0.3173611111111111 0.02734375 0.05277777777777778
0 0.578125 0.27708333333333335 0.01796875 0.03194444444444444
3 0.330859375 0.9083333333333333 0.05078125 0.10694444444444444
3 0.394140625 0.7798611111111111 0.0390625 0.07916666666666666
3 0.512890625 0.8173611111111111 0.040625 0.08611111111111111
3 0.482421875 0.9263888888888889 0.05 0.11805555555555555
3 0.548046875 0.8958333333333334 0.03984375 0.08055555555555556
3 0.49375 0.6354166666666666 0.0328125 0.08055555555555556
3 0.4796875 0.53125 0.021875 0.044444444444444446
3 0.6421875 0.60625 0.028125 0.05555555555555555
3 0.6421875 0.4847222222222222 0.02109375 0.03888888888888889
3 0.59921875 0.4666666666666667 0.01796875 0.03333333333333333
3 0.507421875 0.46805555555555556 0.01796875 0.041666666666666664
3 0.58203125 0.4131944444444444 0.01640625 0.030555555555555555
3 0.54921875 0.2972222222222222 0.0078125 0.016666666666666666
3 0.525390625 0.28680555555555554 0.00703125 0.016666666666666666
3 0.50078125 0.325 0.01015625 0.02361111111111111
3 0.486328125 0.35694444444444445 0.01328125 0.02638888888888889
3 0.441796875 0.36666666666666664 0.01328125 0.03611111111111111
3 0.493359375 0.32083333333333336 0.0109375 0.025
3 0.594140625 0.3076388888888889 0.0109375 0.020833333333333332
2 0.592578125 0.3215277777777778 0.0109375 0.02361111111111111
2 0.5484375 0.3125 0.0078125 0.02361111111111111
2 0.5828125 0.44305555555555554 0.01796875 0.05138888888888889
2 0.599609375 0.5027777777777778 0.021875 0.06388888888888888
2 0.6421875 0.5208333333333334 0.025 0.0625
2 0.507421875 0.50625 0.0265625 0.06388888888888888
2 0.4796875 0.56875 0.02734375 0.075
2 0.391796875 0.8618055555555556 0.046875 0.14027777777777778
2 0.510546875 0.8819444444444444 0.04921875 0.12222222222222222
2 0.5453125 0.9555555555555556 0.046875 0.08888888888888889
2 0.851953125 0.6069444444444444 0.025 0.075
3 0.849609375 0.5659722222222222 0.02265625 0.04583333333333333
3 0.416015625 0.41597222222222224 0.01875 0.044444444444444446
3 0.215625 0.9479166666666666 0.053125 0.0875