0 0.265234375 0.64375 0.1671875 0.2263888888888889
0 0.443359375 0.3576388888888889 0.078125 0.1111111111111111
3 0.11796875 0.5701388888888889 0.0515625 0.1111111111111111
0 0.6046875 0.45416666666666666 0.0734375 0.15416666666666667
3 0.509375 0.25972222222222224 0.01953125 0.04583333333333333
3 0.348828125 0.6597222222222222 0.04296875 0.09722222222222222
3 0.33671875 0.8486111111111111 0.04609375 0.10138888888888889
3 0.439453125 0.7284722222222222 0.04609375 0.09027777777777778
3 0.448046875 0.6263888888888889 0.0359375 0.08055555555555556
3 0.490234375 0.5131944444444444 0.03359375 0.06111111111111111
3 0.6765625 0.7756944444444445 0.0453125 0.09166666666666666
3 0.7 0.8743055555555556 0.0484375 0.08888888888888889
3 0.662109375 0.43194444444444446 0.028125 0.05555555555555555
3 0.680078125 0.2791666666666667 0.015625 0.030555555555555555
3 0.5734375 0.2847222222222222 0.015625 0.03194444444444444
3 0.58359375 0.26180555555555557 0.0109375 0.03194444444444444
3 0.58671875 0.27152777777777776 0.0125 0.030555555555555555
3 0.538671875 0.21944444444444444 0.01328125 0.03194444444444444
3 0.57421875 0.22847222222222222 0.01640625 0.030555555555555555
3 0.605859375 0.18888888888888888 0.01328125 0.029166666666666667
3 0.61484375 0.17430555555555555 0.01015625 0.02361111111111111
3 0.576171875 0.1875 0.01171875 0.02361111111111111
3 0.587890625 0.17708333333333334 0.01171875 0.022222222222222223
2 0.334375 0.7513888888888889 0.053125 0.12777777777777777
2 0.32890625 0.9194444444444444 0.05625 0.13333333333333333
2 0.4265625 0.8118055555555556 0.0578125 0.1486111111111111
2 0.437890625 0.6819444444444445 0.05390625 0.11527777777777778
2 0.466015625 0.6256944444444444 0.034375 0.1125
2 0.664453125 0.8590277777777777 0.05390625 0.1597222222222222
2 0.74921875 0.7361111111111112 0.04921875 0.125
2 0.625 0.6854166666666667 0.0484375 0.13333333333333333
2 0.6609375 0.47430555555555554 0.0328125 0.07222222222222222
2 0.5703125 0.31319444444444444 0.02109375 0.05416666666666667
2 0.67890625 0.30416666666666664 0.01875 0.044444444444444446
0 0.621875 0.26458333333333334 0.03984375 0.05694444444444444
0 0.6171875 0.3159722222222222 0.0515625 0.09305555555555556
0 0.5953125 0.3701388888888889 0.06796875 0.12361111111111112
0 0.569921875 0.5611111111111111 0.090625 0.19166666666666668
0 0.545703125 0.8006944444444445 0.14609375 0.36527777777777776