3 0.051171875 0.625 0.053125 0.12083333333333333
3 0.402734375 0.5743055555555555 0.03515625 0.08194444444444444
0 0.641796875 0.29791666666666666 0.021875 0.02638888888888889
3 0.147265625 0.7131944444444445 0.0546875 0.11388888888888889
3 0.2203125 0.7541666666666667 0.0515625 0.11527777777777778
3 0.320703125 0.7173611111111111 0.05234375 0.1111111111111111
3 0.38515625 0.4625 0.03203125 0.08333333333333333
3 0.416796875 0.39166666666666666 0.02421875 0.05694444444444444
3 0.445703125 0.38263888888888886 0.0203125 0.04722222222222222
3 0.46953125 0.36180555555555555 0.0203125 0.04861111111111111
3 0.511328125 0.3875 0.01640625 0.04027777777777778
3 0.548046875 0.37916666666666665 0.01875 0.043055555555555555
3 0.52421875 0.3659722222222222 0.01875 0.03888888888888889
3 0.505859375 0.33402777777777776 0.0171875 0.0375
3 0.5015625 0.3625 0.015625 0.03888888888888889
3 0.534765625 0.3326388888888889 0.015625 0.0375
3 0.52109375 0.34305555555555556 0.015625 0.03611111111111111
3 0.54765625 0.3194444444444444 0.01640625 0.03333333333333333
3 0.564453125 0.33541666666666664 0.01328125 0.03194444444444444
3 0.355859375 0.9006944444444445 0.046875 0.13055555555555556
3 0.403125 0.9125 0.0484375 0.12083333333333333
3 0.45625 0.9402777777777778 0.053125 0.11666666666666667
3 0.508984375 0.8770833333333333 0.04765625 0.10555555555555556
3 0.5203125 0.9638888888888889 0.0421875 0.07222222222222222
3 0.562890625 0.8479166666666667 0.0453125 0.09861111111111111
3 0.608984375 0.9027777777777778 0.05 0.10416666666666667
3 0.662109375 0.94375 0.04765625 0.1125
3 0.539453125 0.7868055555555555 0.03984375 0.09305555555555556
3 0.5546875 0.7222222222222222 0.03515625 0.0763888888888889
3 0.590625 0.7354166666666667 0.040625 0.07361111111111111
3 0.624609375 0.80625 0.0421875 0.0875
3 0.66171875 0.85 0.04296875 0.09444444444444444
3 0.718359375 0.8770833333333333 0.04921875 0.09722222222222222
3 0.76875 0.8736111111111111 0.04609375 0.09861111111111111
3 0.5875 0.6145833333333334 0.03046875 0.058333333333333334
3 0.572265625 0.6472222222222223 0.028125 0.0625
3 0.625 0.5958333333333333 0.0265625 0.059722222222222225
3 0.6578125 0.5972222222222222 0.03046875 0.07222222222222222
3 0.683984375 0.5451388888888888 0.0234375 0.05416666666666667
3 0.736328125 0.5993055555555555 0.025 0.05416666666666667
3 0.72890625 0.5381944444444444 0.021875 0.04583333333333333
3 0.559375 0.45416666666666666 0.0203125 0.043055555555555555
3 0.57109375 0.43125 0.0171875 0.03888888888888889
3 0.577734375 0.4083333333333333 0.01796875 0.03333333333333333
3 0.606640625 0.45902777777777776 0.02109375 0.05
3 0.643359375 0.41875 0.01953125 0.03611111111111111
3 0.66640625 0.4305555555555556 0.01640625 0.034722222222222224
3 0.6859375 0.4027777777777778 0.0125 0.027777777777777776
3 0.68984375 0.36944444444444446 0.0109375 0.02361111111111111
3 0.714453125 0.40902777777777777 0.01484375 0.02638888888888889
3 0.7 0.3861111111111111 0.009375 0.02638888888888889
3 0.766796875 0.40069444444444446 0.01328125 0.027777777777777776
3 0.71796875 0.45625 0.015625 0.034722222222222224
3 0.703515625 0.43125 0.01484375 0.034722222222222224
3 0.69140625 0.44930555555555557 0.01328125 0.03333333333333333
3 0.725 0.4965277777777778 0.01640625 0.03611111111111111
3 0.696484375 0.5298611111111111 0.01875 0.03888888888888889
0 0.448828125 0.7881944444444444 0.14140625 0.2777777777777778
0 0.5078125 0.6423611111111112 0.1203125 0.21805555555555556
0 0.566015625 0.5166666666666667 0.06953125 0.14027777777777778
0 0.640625 0.5381944444444444 0.06953125 0.1486111111111111
0 0.65703125 0.46458333333333335 0.0578125 0.09166666666666666
0 0.608984375 0.425 0.053125 0.10555555555555556
0 0.60234375 0.37222222222222223 0.03828125 0.06666666666666667
0 0.578515625 0.32708333333333334 0.03515625 0.06388888888888888
0 0.452734375 0.4798611111111111 0.0921875 0.14027777777777778
0 0.285546875 0.5895833333333333 0.140625 0.21666666666666667
0 0.654296875 0.3729166666666667 0.0390625 0.075
0 0.6734375 0.3458333333333333 0.02890625 0.06388888888888888
0 0.6203125 0.3506944444444444 0.03203125 0.07222222222222222
0 0.641796875 0.3375 0.02890625 0.059722222222222225
2 0.7703125 0.425 0.01640625 0.044444444444444446
2 0.6828125 0.4215277777777778 0.01875 0.041666666666666664
2 0.68828125 0.3840277777777778 0.0125 0.027777777777777776
2 0.602734375 0.49375 0.02109375 0.06388888888888888
2 0.677734375 0.5944444444444444 0.02265625 0.07083333333333333
2 0.71796875 0.5340277777777778 0.0171875 0.04583333333333333
2 0.729296875 0.5680555555555555 0.021875 0.041666666666666664
2 0.49609375 0.9472222222222222 0.0453125 0.10555555555555556
2 0.553515625 0.9215277777777777 0.0515625 0.11805555555555555
2 0.530859375 0.8444444444444444 0.0390625 0.08194444444444444
2 0.583203125 0.80625 0.04296875 0.09722222222222222
2 0.6171875 0.8597222222222223 0.03828125 0.0763888888888889
2 0.603125 0.9548611111111112 0.05 0.09027777777777778
2 0.651953125 0.9180555555555555 0.046875 0.10972222222222222
2 0.655859375 0.9756944444444444 0.05234375 0.04861111111111111
2 0.709375 0.9486111111111111 0.0453125 0.10277777777777777
2 0.762890625 0.9423611111111111 0.05234375 0.11527777777777778
2 0.7140625 0.85 0.0453125 0.09583333333333334
2 0.962890625 0.7611111111111111 0.0296875 0.06944444444444445
3 0.886328125 0.7256944444444444 0.03515625 0.0625
3 0.96015625 0.7173611111111111 0.028125 0.05138888888888889
2 0.71640625 0.48055555555555557 0.01796875 0.0375
2 0.703125 0.45694444444444443 0.01640625 0.03333333333333333
2 0.715625 0.4375 0.0125 0.03194444444444444