0 0.570703125 0.51875 0.059375 0.11527777777777778
0 0.2953125 0.73125 0.159375 0.23333333333333334
0 0.601953125 0.37430555555555556 0.04453125 0.06527777777777778
0 0.5359375 0.3729166666666667 0.053125 0.07222222222222222
0 0.494140625 0.3576388888888889 0.046875 0.0625
0 0.512109375 0.6131944444444445 0.10625 0.1361111111111111
3 0.178125 0.8701388888888889 0.06171875 0.12083333333333333
3 0.3578125 0.9013888888888889 0.06328125 0.14027777777777778
3 0.40703125 0.9215277777777777 0.05625 0.1388888888888889
3 0.4609375 0.94375 0.0515625 0.10972222222222222
3 0.512109375 0.875 0.04609375 0.1
3 0.52734375 0.9527777777777777 0.0515625 0.09444444444444444
3 0.54296875 0.7854166666666667 0.040625 0.08333333333333333
3 0.56640625 0.8486111111111111 0.04453125 0.09583333333333334
3 0.615234375 0.8916666666666667 0.04609375 0.10138888888888889
3 0.667578125 0.9340277777777778 0.0421875 0.09027777777777778
3 0.725 0.86875 0.046875 0.08888888888888889
3 0.666796875 0.8423611111111111 0.05078125 0.10277777777777777
3 0.592578125 0.7375 0.0421875 0.08888888888888889
3 0.62734375 0.8041666666666667 0.0421875 0.09305555555555556
3 0.555078125 0.7194444444444444 0.03359375 0.07777777777777778
3 0.58359375 0.6180555555555556 0.0390625 0.0875
3 0.628125 0.5895833333333333 0.03046875 0.06527777777777778
3 0.26484375 0.5409722222222222 0.0421875 0.08611111111111111
3 0.386328125 0.4423611111111111 0.0328125 0.059722222222222225
3 0.3140625 0.4895833333333333 0.028125 0.05416666666666667
3 0.383203125 0.48819444444444443 0.03203125 0.0625
3 0.412890625 0.4097222222222222 0.03203125 0.058333333333333334
3 0.42265625 0.46875 0.028125 0.07222222222222222
3 0.45390625 0.4111111111111111 0.0265625 0.05555555555555555
3 0.49765625 0.3645833333333333 0.02109375 0.043055555555555555
3 0.504296875 0.3993055555555556 0.02265625 0.04583333333333333
3 0.50390625 0.42916666666666664 0.0234375 0.05138888888888889
3 0.536328125 0.3888888888888889 0.0203125 0.043055555555555555
0 0.551171875 0.3277777777777778 0.03984375 0.05555555555555555
0 0.45234375 0.8013888888888889 0.13359375 0.2569444444444444
0 0.641015625 0.5347222222222222 0.065625 0.14166666666666666
0 0.65390625 0.46041666666666664 0.0546875 0.08472222222222223
0 0.60625 0.4222222222222222 0.05078125 0.09861111111111111
0 0.65546875 0.34652777777777777 0.0328125 0.06666666666666667
0 0.619140625 0.35 0.03359375 0.06944444444444445
0 0.592578125 0.2986111111111111 0.0296875 0.05138888888888889
0 0.6484375 0.28125 0.02421875 0.04027777777777778
0 0.641015625 0.3159722222222222 0.02421875 0.04583333333333333
0 0.66328125 0.3125 0.02734375 0.04861111111111111
3 0.7296875 0.5444444444444444 0.01953125 0.04722222222222222
3 0.723828125 0.5041666666666667 0.0234375 0.041666666666666664
3 0.700390625 0.5076388888888889 0.021875 0.041666666666666664
3 0.716015625 0.43472222222222223 0.02109375 0.03611111111111111
3 0.695703125 0.44166666666666665 0.01953125 0.03888888888888889
3 0.646875 0.4076388888888889 0.01875 0.04583333333333333
3 0.667578125 0.4083333333333333 0.02109375 0.043055555555555555
3 0.815234375 0.54375 0.01796875 0.041666666666666664
3 0.686328125 0.5361111111111111 0.02421875 0.04583333333333333
2 0.680859375 0.5763888888888888 0.02421875 0.06527777777777778
2 0.71953125 0.5305555555555556 0.02421875 0.05
2 0.697265625 0.5326388888888889 0.02421875 0.04722222222222222
2 0.715234375 0.46597222222222223 0.0203125 0.04861111111111111
2 0.680859375 0.38333333333333336 0.015625 0.030555555555555555
2 0.666015625 0.425 0.01796875 0.03333333333333333
2 0.689453125 0.40625 0.0140625 0.03194444444444444
3 0.68984375 0.38819444444444445 0.015625 0.03888888888888889
3 0.7125 0.41180555555555554 0.01484375 0.03194444444444444
2 0.64375 0.4263888888888889 0.0171875 0.03611111111111111
3 0.689453125 0.3298611111111111 0.0125 0.020833333333333332
3 0.57265625 0.4263888888888889 0.015625 0.03194444444444444
3 0.5640625 0.4486111111111111 0.01953125 0.0375
3 0.432421875 0.5243055555555556 0.02890625 0.06944444444444445
2 0.500390625 0.9458333333333333 0.04296875 0.10555555555555556
2 0.558203125 0.9152777777777777 0.046875 0.1125
2 0.533203125 0.8409722222222222 0.04453125 0.10138888888888889
2 0.587109375 0.7895833333333333 0.0390625 0.08333333333333333
2 0.621875 0.84375 0.03984375 0.0875
2 0.6109375 0.95 0.053125 0.1
2 0.65703125 0.975 0.04375 0.05
2 0.658203125 0.8993055555555556 0.0421875 0.09444444444444444
2 0.715625 0.9451388888888889 0.0453125 0.10972222222222222
2 0.715625 0.8388888888888889 0.03671875 0.075
3 0.575 0.39444444444444443 0.0140625 0.03333333333333333
3 0.70546875 0.5972222222222222 0.0609375 0.12222222222222222