0 0.385546875 0.22847222222222222 0.0359375 0.06944444444444445
0 0.380859375 0.14583333333333334 0.02421875 0.04583333333333333
3 0.537109375 0.7722222222222223 0.059375 0.16944444444444445
0 0.383984375 0.30416666666666664 0.05 0.1111111111111111
3 0.26640625 0.39652777777777776 0.0265625 0.08472222222222223
3 0.6375 0.7006944444444444 0.04765625 0.10555555555555556
3 0.597265625 0.6097222222222223 0.04296875 0.08055555555555556
3 0.6875 0.4111111111111111 0.03125 0.06666666666666667
3 0.541015625 0.36180555555555555 0.03046875 0.05694444444444444
3 0.4453125 0.26875 0.0171875 0.03194444444444444
3 0.43359375 0.25416666666666665 0.01796875 0.03611111111111111
0 0.526953125 0.3236111111111111 0.0625 0.10138888888888889
3 0.323046875 0.17916666666666667 0.01640625 0.03333333333333333
3 0.49375 0.4847222222222222 0.028125 0.06388888888888888
3 0.539453125 0.6409722222222223 0.03671875 0.0763888888888889
3 0.3265625 0.6993055555555555 0.0484375 0.08611111111111111
3 0.33203125 0.8743055555555556 0.05546875 0.1125
3 0.273046875 0.8298611111111112 0.05546875 0.11388888888888889
0 0.433984375 0.7875 0.1625 0.3861111111111111
0 0.42734375 0.5423611111111111 0.0953125 0.19305555555555556
2 0.444140625 0.29930555555555555 0.02421875 0.058333333333333334
2 0.43359375 0.28055555555555556 0.02109375 0.058333333333333334
2 0.51953125 0.6298611111111111 0.03984375 0.10694444444444444
2 0.59609375 0.6680555555555555 0.04140625 0.1111111111111111
2 0.639453125 0.7791666666666667 0.04921875 0.12083333333333333
2 0.539453125 0.8083333333333333 0.06171875 0.1486111111111111
2 0.331640625 0.7444444444444445 0.05546875 0.12083333333333333
2 0.36171875 0.6604166666666667 0.04921875 0.13055555555555556
2 0.3296875 0.9340277777777778 0.0671875 0.09166666666666666
3 0.28515625 0.45208333333333334 0.0265625 0.05277777777777778