0 0.531640625 0.24305555555555555 0.0421875 0.06527777777777778
0 0.784765625 0.24444444444444444 0.04609375 0.06805555555555555
0 0.576953125 0.1798611111111111 0.03515625 0.04861111111111111
3 0.3921875 0.35625 0.03046875 0.07222222222222222
3 0.46171875 0.35625 0.02109375 0.05277777777777778
3 0.46328125 0.2972222222222222 0.025 0.05138888888888889
3 0.46796875 0.325 0.02109375 0.04583333333333333
3 0.359375 0.7222222222222222 0.04609375 0.10138888888888889
3 0.385546875 0.8388888888888889 0.05625 0.11666666666666667
3 0.453125 0.7465277777777778 0.05078125 0.10972222222222222
3 0.45703125 0.6361111111111111 0.0375 0.09027777777777778
3 0.4921875 0.5145833333333333 0.03359375 0.06111111111111111
3 0.67890625 0.7791666666666667 0.04296875 0.09583333333333334
3 0.721484375 0.8548611111111111 0.0515625 0.11527777777777778
3 0.746484375 0.7270833333333333 0.04765625 0.10277777777777777
3 0.685546875 0.6590277777777778 0.046875 0.08888888888888889
3 0.648046875 0.4486111111111111 0.028125 0.07222222222222222
3 0.6640625 0.41458333333333336 0.03046875 0.058333333333333334
3 0.673828125 0.3909722222222222 0.025 0.059722222222222225
3 0.712109375 0.3645833333333333 0.02890625 0.058333333333333334
3 0.708203125 0.33611111111111114 0.0234375 0.05138888888888889
3 0.705859375 0.2763888888888889 0.021875 0.05277777777777778
2 0.869140625 0.30694444444444446 0.01953125 0.044444444444444446
2 0.55625 0.2986111111111111 0.01796875 0.04861111111111111
2 0.56953125 0.2833333333333333 0.01875 0.044444444444444446
2 0.63515625 0.2638888888888889 0.01875 0.043055555555555555
2 0.656640625 0.18472222222222223 0.01484375 0.034722222222222224
2 0.579296875 0.21736111111111112 0.0140625 0.03194444444444444
2 0.353515625 0.7861111111111111 0.05234375 0.11666666666666667
2 0.3765625 0.9333333333333333 0.0609375 0.13333333333333333
2 0.450390625 0.8291666666666667 0.0578125 0.14027777777777778
2 0.44921875 0.6979166666666666 0.0484375 0.11388888888888889
2 0.474609375 0.6291666666666667 0.04375 0.11666666666666667
2 0.63828125 0.6590277777777778 0.04375 0.12083333333333333
2 0.68125 0.7215277777777778 0.03828125 0.09861111111111111
2 0.745703125 0.8097222222222222 0.04921875 0.13333333333333333
2 0.7203125 0.9215277777777777 0.06171875 0.1111111111111111
2 0.679296875 0.8722222222222222 0.0578125 0.15138888888888888
2 0.666015625 0.4527777777777778 0.0265625 0.0625
2 0.71171875 0.39652777777777776 0.0328125 0.0763888888888889
2 0.705859375 0.29791666666666666 0.021875 0.04583333333333333
3 0.55703125 0.26805555555555555 0.01796875 0.030555555555555555
3 0.56953125 0.24722222222222223 0.015625 0.027777777777777776
3 0.578515625 0.1986111111111111 0.015625 0.025
3 0.655859375 0.16944444444444445 0.0125 0.020833333333333332
3 0.6328125 0.1326388888888889 0.0109375 0.022222222222222223
3 0.671484375 0.20694444444444443 0.01484375 0.027777777777777776
3 0.63359375 0.23541666666666666 0.01640625 0.03194444444444444
0 0.56875 0.7902777777777777 0.16171875 0.3763888888888889
0 0.571484375 0.5430555555555555 0.09453125 0.19305555555555556
0 0.600390625 0.43472222222222223 0.075 0.16666666666666666
0 0.66015625 0.3541666666666667 0.0578125 0.12638888888888888
0 0.58515625 0.3548611111111111 0.0625 0.12361111111111112
0 0.603515625 0.2972222222222222 0.0453125 0.10138888888888889
0 0.605859375 0.24305555555555555 0.0390625 0.05277777777777778
0 0.669921875 0.25833333333333336 0.040625 0.08055555555555556
0 0.6609375 0.28402777777777777 0.04609375 0.075
0 0.62265625 0.21319444444444444 0.03515625 0.03888888888888889
0 0.606640625 0.2048611111111111 0.0265625 0.04722222222222222
0 0.615625 0.16805555555555557 0.02578125 0.04722222222222222
0 0.62421875 0.18541666666666667 0.02578125 0.0375