0 0.4297734375 0.4747222222222222 0.06178906249999998 0.09595833333333338
0 0.47665625 0.6201805555555555 0.07085156250000005 0.11351388888888891
0 0.5769062500000001 0.5649305555555556 0.06799218749999998 0.11272222222222218
3 0.392109375 0.4362083333333333 0.020453125000000006 0.05419444444444442
0 0.5653671874999999 0.3801805555555556 0.03359375 0.05299999999999996
3 0.21865625 0.6132638888888889 0.0341796875 0.06448611111111104
0 0.47399218750000005 0.3921805555555556 0.03896093749999992 0.05984722222222227
3 0.114078125 0.8757083333333333 0.050296875 0.12088888888888884
3 0.336203125 0.9123472222222222 0.04000781250000003 0.09458333333333321
3 0.3865625 0.9273750000000001 0.04605468749999999 0.10469444444444459
3 0.367546875 0.8224861111111111 0.03186718749999997 0.07068055555555569
3 0.39875 0.7328611111111111 0.032578125000000034 0.0684444444444444
3 0.44556250000000003 0.8185694444444445 0.03714062499999997 0.0965138888888889
3 0.4855703125 0.9180694444444444 0.04832031249999993 0.1122499999999999
3 0.5075234375 0.8319027777777778 0.035554687499999994 0.07954166666666664
3 0.5253828125 0.7586250000000001 0.027101562500000044 0.06262499999999989
3 0.5744921875 0.8025416666666667 0.034867187500000084 0.085638888888889
3 0.6279765625 0.8489444444444445 0.033859374999999935 0.0787222222222223
3 0.6088359375 0.9303888888888889 0.042546875000000026 0.09451388888888883
3 0.548640625 0.8873472222222222 0.03435156250000002 0.09194444444444451
3 0.3969375 0.41129166666666667 0.01983593749999999 0.0398472222222223
3 0.4917421875 0.49593055555555554 0.021140624999999958 0.052055555555555584
3 0.487421875 0.5333333333333333 0.02277343750000007 0.0465138888888889
3 0.5537734375000001 0.6592777777777777 0.023648437499999987 0.0580833333333334
3 0.49890625 0.4791388888888889 0.018296875000000056 0.046611111111111034
3 0.504484375 0.40597222222222223 0.013968750000000085 0.030291666666666592
3 0.535078125 0.40119444444444446 0.01603906249999998 0.02773611111111115
3 0.6088671875 0.4024027777777778 0.016906250000000077 0.02705555555555558
3 0.6107890625 0.44858333333333333 0.019875000000000042 0.02987499999999999
3 0.6460390625 0.443125 0.018984374999999963 0.03298611111111111
3 0.6281015625 0.5166666666666667 0.020781249999999928 0.047708333333333366
3 0.63990625 0.4931388888888889 0.01693750000000005 0.041125000000000016
3 0.6267890625 0.5622777777777778 0.019023437499999928 0.036944444444444474
0 0.5490234375 0.47051388888888884 0.05093750000000004 0.10799999999999998
0 0.4510078125 0.35300000000000004 0.035781249999999966 0.060597222222222254
0 0.49604687500000005 0.3519583333333334 0.03039062500000007 0.052291666666666674
3 0.56884375 0.3145972222222222 0.02400000000000002 0.04220833333333331
3 0.44659375 0.36633333333333334 0.01511718749999993 0.03637500000000004
3 0.5156015625 0.3061527777777778 0.009757812500000008 0.019555555555555534
3 0.5270312500000001 0.31722222222222224 0.013460937500000015 0.02461111111111107
3 0.592375 0.3017361111111111 0.011617187499999914 0.022083333333333302
3 0.6016796875 0.32455555555555554 0.010070312500000077 0.01879166666666663
3 0.6211249999999999 0.338125 0.012796875000000086 0.022625000000000027
3 0.5792734375 0.32908333333333334 0.010070312500000077 0.020472222222222235
3 0.55425 0.32390277777777776 0.012820312500000064 0.022625000000000027
2 0.5163593750000001 0.31981944444444443 0.01320312500000007 0.021291666666666646
2 0.5253515625 0.332875 0.01010156250000005 0.02237500000000002
2 0.55309375 0.3419166666666667 0.010507812500000036 0.024513888888888856
2 0.5913125 0.31481944444444443 0.00982031249999995 0.02436111111111114
2 0.6006015625 0.34044444444444444 0.013289062499999994 0.026833333333333324
2 0.6196953125 0.35618055555555556 0.013156249999999935 0.0257222222222222
2 0.57821875 0.3446388888888889 0.011476562500000042 0.025402777777777767
2 0.5037812500000001 0.43472222222222223 0.018445312499999922 0.04627777777777785
2 0.5335546875 0.4265 0.013671875 0.03552777777777783
2 0.6090390625000001 0.4239583333333333 0.017757812500000015 0.035569444444444466
2 0.6095234375 0.4817638888888889 0.020320312499999993 0.05501388888888891
2 0.6457890625 0.47459722222222217 0.018921875000000022 0.0446805555555555
2 0.6434921874999999 0.5359305555555556 0.017109375000000072 0.0560416666666667
2 0.5129296875 0.7392916666666666 0.02971093749999998 0.0762777777777778
2 0.394078125 0.8074722222222223 0.04167968750000002 0.11926388888888906
2 0.44070312500000003 0.9233750000000001 0.04249218750000008 0.12574999999999995
2 0.36224218750000003 0.8995 0.04219531249999999 0.12744444444444444
2 0.5081796875 0.9053194444444445 0.03563281249999992 0.1230833333333335
2 0.5471484375 0.9567777777777777 0.04283593749999994 0.08644444444444446
2 0.57253125 0.8862222222222222 0.046585937500000084 0.14229166666666673
2 0.6090859375 0.8196388888888889 0.03303124999999998 0.10287499999999991
2 0.6389453125 0.8016666666666667 0.02692187500000003 0.06693055555555563