0 0.644921875 0.7715277777777778 0.15234375 0.2263888888888889
0 0.49609375 0.76875 0.12421875 0.22777777777777777
0 0.645703125 0.5826388888888889 0.10546875 0.14722222222222223
0 0.453125 0.5638888888888889 0.09765625 0.16111111111111112
0 0.425390625 0.44583333333333336 0.0546875 0.10416666666666667
0 0.458203125 0.33125 0.0421875 0.059722222222222225
0 0.5125 0.43680555555555556 0.06328125 0.10138888888888889
3 0.8421875 0.8006944444444445 0.05 0.10694444444444444
0 0.4 0.38472222222222224 0.04453125 0.08472222222222223
0 0.4125 0.33541666666666664 0.03515625 0.058333333333333334
3 0.875390625 0.9083333333333333 0.05703125 0.11805555555555555
0 0.4 0.3090277777777778 0.0328125 0.06805555555555555
3 0.722265625 0.5354166666666667 0.02578125 0.0625
3 0.498046875 0.33055555555555555 0.0203125 0.04027777777777778
3 0.551953125 0.40555555555555556 0.021875 0.043055555555555555
3 0.5734375 0.4847222222222222 0.02578125 0.05277777777777778
3 0.590234375 0.9361111111111111 0.05546875 0.12083333333333333
3 0.53984375 0.8923611111111112 0.05234375 0.10555555555555556
3 0.49296875 0.9423611111111111 0.0578125 0.11527777777777778
3 0.448828125 0.8618055555555556 0.05234375 0.1
3 0.3984375 0.8284722222222223 0.04375 0.09444444444444444
3 0.426953125 0.7659722222222223 0.03984375 0.08333333333333333
3 0.4234375 0.6909722222222222 0.0375 0.08472222222222223
3 0.384375 0.7020833333333333 0.0421875 0.09583333333333334
3 0.344921875 0.7534722222222222 0.04296875 0.08888888888888889
3 0.30234375 0.7784722222222222 0.0453125 0.09583333333333334
3 0.345703125 0.85 0.046875 0.09861111111111111
3 0.2890625 0.8736111111111111 0.0421875 0.1
3 0.42734375 0.9451388888888889 0.05078125 0.09583333333333334
3 0.3671875 0.9430555555555555 0.03828125 0.075
3 0.415625 0.6201388888888889 0.0296875 0.05416666666666667
3 0.389453125 0.5256944444444445 0.02890625 0.05138888888888889
3 0.36171875 0.5451388888888888 0.02734375 0.058333333333333334
3 0.343359375 0.5104166666666666 0.02734375 0.05416666666666667
3 0.091796875 0.5527777777777778 0.0296875 0.05694444444444444
3 0.276171875 0.45902777777777776 0.025 0.04722222222222222
0 0.347265625 0.36319444444444443 0.040625 0.07916666666666666
0 0.354296875 0.43333333333333335 0.05703125 0.12222222222222222
0 0.416015625 0.2625 0.0328125 0.058333333333333334
3 0.451953125 0.37569444444444444 0.01796875 0.03333333333333333
3 0.434375 0.3659722222222222 0.0171875 0.03333333333333333
3 0.337890625 0.29375 0.0140625 0.027777777777777776
3 0.30234375 0.34652777777777777 0.01875 0.03333333333333333
2 0.5328125 0.9555555555555556 0.05 0.08888888888888889
2 0.4515625 0.9354166666666667 0.053125 0.12361111111111112
2 0.396875 0.8951388888888889 0.0515625 0.10833333333333334
2 0.34453125 0.9138888888888889 0.05390625 0.12777777777777777
2 0.4515625 0.3951388888888889 0.01953125 0.03611111111111111
2 0.43359375 0.38472222222222224 0.02109375 0.041666666666666664
2 0.337109375 0.3159722222222222 0.0171875 0.03611111111111111
2 0.301171875 0.375 0.02109375 0.04861111111111111
2 0.383984375 0.275 0.0109375 0.027777777777777776
2 0.359375 0.2777777777777778 0.0125 0.030555555555555555
2 0.38828125 0.575 0.03125 0.08611111111111111
2 0.341015625 0.5486111111111112 0.028125 0.05138888888888889
2 0.078515625 0.5958333333333333 0.028125 0.06527777777777778
2 0.15625 0.46458333333333335 0.02734375 0.06805555555555555
2 0.22109375 0.75625 0.04140625 0.10833333333333334
2 0.384765625 0.7569444444444444 0.04140625 0.09583333333333334
2 0.4296875 0.8180555555555555 0.0390625 0.09166666666666666
2 0.348046875 0.8055555555555556 0.046875 0.08194444444444444
2 0.30078125 0.8465277777777778 0.046875 0.09861111111111111
2 0.29140625 0.9284722222222223 0.04765625 0.07777777777777778
1 0.2859375 0.5298611111111111 0.06640625 0.11944444444444445