0 0.521875 0.25625 0.04921875 0.07361111111111111
4 0.4484375 0.35 0.075 0.1125
0 0.340625 0.5604166666666667 0.1375 0.1875
0 0.568359375 0.20069444444444445 0.034375 0.04861111111111111
0 0.60078125 0.41805555555555557 0.06953125 0.11666666666666667
3 0.3515625 0.3958333333333333 0.03046875 0.07083333333333333
3 0.151171875 0.6298611111111111 0.0359375 0.08888888888888889
3 0.359375 0.7118055555555556 0.04375 0.09444444444444444
3 0.375390625 0.83125 0.04765625 0.09583333333333334
3 0.451171875 0.7416666666666667 0.04453125 0.08888888888888889
3 0.453125 0.6263888888888889 0.0375 0.08333333333333333
3 0.491015625 0.5118055555555555 0.03203125 0.06111111111111111
3 0.683984375 0.6729166666666667 0.04296875 0.09444444444444444
3 0.674609375 0.7868055555555555 0.04921875 0.09444444444444444
3 0.71875 0.8576388888888888 0.05078125 0.09027777777777778
3 0.650390625 0.4527777777777778 0.03046875 0.05416666666666667
3 0.6671875 0.4263888888888889 0.02265625 0.05138888888888889
3 0.562890625 0.2763888888888889 0.0171875 0.04027777777777778
3 0.57421875 0.2534722222222222 0.01640625 0.03888888888888889
3 0.63984375 0.24791666666666667 0.01484375 0.03194444444444444
3 0.671484375 0.21736111111111112 0.0140625 0.027777777777777776
3 0.6453125 0.1701388888888889 0.009375 0.022222222222222223
3 0.67734375 0.39305555555555555 0.02109375 0.03888888888888889
2 0.561328125 0.29930555555555555 0.0203125 0.05
2 0.5734375 0.2826388888888889 0.0140625 0.03888888888888889
2 0.640234375 0.26944444444444443 0.0171875 0.04027777777777778
2 0.69765625 0.2673611111111111 0.0171875 0.043055555555555555
2 0.659765625 0.20208333333333334 0.015625 0.03194444444444444
2 0.64609375 0.18125 0.0125 0.030555555555555555
2 0.669140625 0.4583333333333333 0.02109375 0.05555555555555555
2 0.63359375 0.6680555555555555 0.0453125 0.12777777777777777
2 0.478125 0.6284722222222222 0.03984375 0.11388888888888889
2 0.441796875 0.6902777777777778 0.0359375 0.08611111111111111
2 0.44296875 0.8222222222222222 0.05078125 0.14722222222222223
2 0.3453125 0.7770833333333333 0.04296875 0.12222222222222222
2 0.369921875 0.9215277777777777 0.06484375 0.15694444444444444
2 0.67109375 0.88125 0.0515625 0.15416666666666667
2 0.67890625 0.7284722222222222 0.05 0.0875
0 0.56015625 0.7951388888888888 0.14765625 0.3625
0 0.5703125 0.5430555555555555 0.0890625 0.19166666666666668
0 0.5890625 0.35625 0.06640625 0.12777777777777777
0 0.6625 0.36041666666666666 0.06015625 0.12361111111111112
0 0.60859375 0.2965277777777778 0.05078125 0.08888888888888889
0 0.66328125 0.28958333333333336 0.04375 0.07083333333333333
0 0.672265625 0.2590277777777778 0.03515625 0.07083333333333333
0 0.628515625 0.22916666666666666 0.0296875 0.05138888888888889
0 0.611328125 0.24861111111111112 0.03203125 0.04861111111111111
0 0.612109375 0.2111111111111111 0.02578125 0.044444444444444446
0 0.7890625 0.2611111111111111 0.04453125 0.07222222222222222
0 0.632421875 0.1527777777777778 0.0265625 0.043055555555555555