3 0.7796875 0.8013888888888889 0.05 0.12361111111111112
3 0.649609375 0.6027777777777777 0.03515625 0.06527777777777778
3 0.599609375 0.5055555555555555 0.0265625 0.07083333333333333
3 0.578515625 0.4465277777777778 0.025 0.04861111111111111
3 0.526953125 0.4951388888888889 0.02578125 0.06527777777777778
3 0.51015625 0.37430555555555556 0.02421875 0.044444444444444446
3 0.459765625 0.3458333333333333 0.01953125 0.03888888888888889
3 0.43984375 0.32083333333333336 0.01796875 0.034722222222222224
3 0.476953125 0.3263888888888889 0.01640625 0.03611111111111111
3 0.464453125 0.29375 0.0109375 0.025
3 0.427734375 0.2777777777777778 0.00859375 0.020833333333333332
3 0.5828125 0.8145833333333333 0.04296875 0.10138888888888889
3 0.616796875 0.9090277777777778 0.04375 0.11666666666666667
3 0.51015625 0.8868055555555555 0.04375 0.09444444444444444
3 0.431640625 0.8979166666666667 0.04140625 0.09722222222222222
3 0.3921875 0.9638888888888889 0.0421875 0.07222222222222222
3 0.423046875 0.5840277777777778 0.028125 0.06666666666666667
3 0.368359375 0.54375 0.0296875 0.05138888888888889
3 0.332421875 0.45625 0.021875 0.04861111111111111
3 0.33984375 0.39444444444444443 0.01640625 0.04027777777777778
3 0.294140625 0.40208333333333335 0.01796875 0.03194444444444444
3 0.330859375 0.3375 0.0125 0.03333333333333333
3 0.354296875 0.30694444444444446 0.00859375 0.020833333333333332
3 0.3484375 0.3013888888888889 0.009375 0.020833333333333332
1 0.334375 0.2777777777777778 0.021875 0.04722222222222222
0 0.38828125 0.36319444444444443 0.0359375 0.06388888888888888
0 0.369140625 0.2826388888888889 0.02265625 0.04722222222222222
3 0.353515625 0.26666666666666666 0.00859375 0.02638888888888889
2 0.35390625 0.2826388888888889 0.01015625 0.025
2 0.354296875 0.3229166666666667 0.00859375 0.02638888888888889
2 0.348046875 0.31319444444444444 0.009375 0.027777777777777776
2 0.332421875 0.3548611111111111 0.0125 0.034722222222222224
2 0.3421875 0.4222222222222222 0.01484375 0.04722222222222222
2 0.294921875 0.4305555555555556 0.0171875 0.05
2 0.334375 0.49583333333333335 0.02265625 0.0625
2 0.424609375 0.6256944444444444 0.02890625 0.06666666666666667
2 0.371484375 0.5840277777777778 0.02734375 0.06666666666666667
2 0.365625 0.7902777777777777 0.03671875 0.10416666666666667
2 0.441015625 0.9527777777777777 0.05234375 0.09444444444444444
2 0.516796875 0.9583333333333334 0.04453125 0.08333333333333333
2 0.588671875 0.8951388888888889 0.040625 0.11944444444444445