0 0.204296875 0.8333333333333334 0.25078125 0.3333333333333333
0 0.336328125 0.5333333333333333 0.13828125 0.2013888888888889
0 0.478125 0.7701388888888889 0.1578125 0.3597222222222222
0 0.490234375 0.5416666666666666 0.128125 0.2513888888888889
0 0.532421875 0.4284722222222222 0.090625 0.18611111111111112
0 0.429296875 0.26875 0.0703125 0.1125
0 0.55234375 0.2902777777777778 0.0765625 0.15416666666666667
0 0.629296875 0.34652777777777777 0.0953125 0.2222222222222222
0 0.496875 0.17430555555555555 0.05234375 0.08472222222222223
0 0.651171875 0.12361111111111112 0.03984375 0.0763888888888889
2 0.584765625 0.85625 0.07265625 0.18194444444444444
2 0.65703125 0.8576388888888888 0.06328125 0.15138888888888888
3 0.590234375 0.5722222222222222 0.046875 0.09166666666666666
2 0.64296875 0.7034722222222223 0.0421875 0.09583333333333334
2 0.677734375 0.6715277777777777 0.05234375 0.13055555555555556
2 0.673828125 0.2743055555555556 0.02421875 0.06527777777777778
2 0.664453125 0.2222222222222222 0.021875 0.05555555555555555
3 0.696484375 0.2791666666666667 0.028125 0.058333333333333334
3 0.184375 0.6166666666666667 0.03828125 0.07777777777777778
2 0.51875 0.24027777777777778 0.02421875 0.05694444444444444
2 0.53359375 0.22013888888888888 0.0203125 0.05277777777777778
3 0.53984375 0.16180555555555556 0.01875 0.0375
2 0.721484375 0.25625 0.03515625 0.075
3 0.6625 0.18472222222222223 0.01875 0.04583333333333333
3 0.67421875 0.23958333333333334 0.02109375 0.03611111111111111
3 0.578515625 0.75 0.053125 0.11805555555555555
3 0.585546875 0.6652777777777777 0.05390625 0.09722222222222222
3 0.657421875 0.7534722222222222 0.0453125 0.09444444444444444
3 0.671875 0.5958333333333333 0.04609375 0.08888888888888889
3 0.637109375 0.6347222222222222 0.040625 0.08194444444444444
2 0.614453125 0.6048611111111111 0.034375 0.12638888888888888