0 0.5036875000000001 0.30894444444444447 0.053796874999999925 0.07302777777777776
0 0.6671875 0.312875 0.042984374999999984 0.08386111111111111
4 0.2659296875 0.6889861111111111 0.18465625000000002 0.26441666666666663
0 0.6016328125 0.42683333333333334 0.06755468750000002 0.11993055555555558
3 0.32406250000000003 0.42634722222222227 0.02419531250000002 0.06763888888888896
3 0.1721328125 0.9340277777777778 0.060124999999999984 0.13093055555555552
3 0.38284375000000004 0.3754027777777778 0.023507812500000023 0.058958333333333356
3 0.39180468749999997 0.4041111111111111 0.021453125000000028 0.06363888888888895
3 0.44236718750000004 0.42568055555555556 0.031015625000000036 0.060361111111111164
3 0.3515234375 0.6908055555555556 0.03860156249999998 0.07588888888888895
3 0.3653203125 0.8270555555555555 0.040671874999999955 0.09523611111111102
3 0.4449296875 0.7289583333333334 0.04029687499999994 0.09101388888888885
3 0.44944531249999997 0.6296666666666667 0.03211718749999992 0.0728055555555555
3 0.49245312500000005 0.5115277777777778 0.029148437499999957 0.06645833333333337
3 0.6704687500000001 0.43291666666666667 0.02443749999999998 0.05375000000000006
3 0.6510390625 0.46673611111111113 0.02770312500000003 0.05174999999999999
3 0.667125 0.7945555555555556 0.03496874999999999 0.09248611111111099
3 0.7085625 0.8744861111111111 0.04592187499999998 0.0920138888888889
0 0.5562109375000001 0.7928333333333334 0.140046875 0.35483333333333333
0 0.5735781249999999 0.551236111111111 0.08162500000000002 0.18384722222222222
0 0.61221875 0.3078472222222222 0.04321874999999995 0.09048611111111116
0 0.5939453125 0.36 0.06065625000000008 0.12095833333333338
0 0.6659453125 0.2522361111111111 0.03793749999999996 0.06575000000000004
0 0.5729609375 0.21004166666666665 0.03499999999999996 0.05966666666666664
0 0.596765625 0.18969444444444447 0.02742187499999993 0.04751388888888888
0 0.6133828125 0.15293055555555554 0.019539062499999992 0.032041666666666656
0 0.6466953125 0.18150000000000002 0.026742187500000014 0.04612499999999999
3 0.41259375 0.34025 0.02086718750000003 0.04802777777777775
3 0.42696093749999997 0.36393055555555553 0.025226562499999973 0.05083333333333336
3 0.4233828125 0.31068055555555557 0.01771875000000005 0.04363888888888891
3 0.45175 0.31393055555555555 0.02266406249999999 0.0465138888888889
3 0.46066406249999997 0.27261111111111114 0.016117187500000085 0.03551388888888888
3 0.5103203125 0.238625 0.017593749999999984 0.031930555555555566
3 0.53815625 0.20393055555555556 0.014210937500000043 0.02575000000000003
3 0.554765625 0.2207777777777778 0.014070312499999993 0.02752777777777777
3 0.5665 0.2778333333333333 0.016554687500000043 0.03373611111111114
3 0.5783125 0.2551805555555555 0.012718749999999978 0.02936111111111109
3 0.625828125 0.21709722222222222 0.013468750000000007 0.024680555555555532
3 0.6950078125 0.24743055555555557 0.01255468749999995 0.02584722222222224
3 0.702296875 0.28918055555555555 0.014671874999999978 0.02922222222222225
3 0.779390625 0.29683333333333334 0.01640625 0.0334583333333333
3 0.7116640624999999 0.25934722222222223 0.016703125000000086 0.02954166666666664
2 0.34403125 0.7665694444444444 0.048203125000000034 0.11883333333333326
2 0.36328125 0.9215277777777777 0.0578125 0.15694444444444444
2 0.435421875 0.8197500000000001 0.053289062500000026 0.1545694444444444
2 0.44303125000000004 0.6873888888888889 0.04542968750000007 0.10648611111111106
2 0.473703125 0.6287361111111112 0.04074218750000007 0.12090277777777772
2 0.631328125 0.6817083333333332 0.045164062499999956 0.12949999999999992
2 0.6895390625 0.6895833333333333 0.04026562499999997 0.11375000000000005
2 0.666703125 0.8878611111111111 0.05150781250000005 0.15049999999999986
2 0.707625 0.9549722222222223 0.04703125000000004 0.09004166666666656
2 0.7695624999999999 0.6961805555555556 0.036046875000000075 0.09162500000000004
2 0.6687578125 0.47152777777777777 0.024476562499999945 0.05827777777777783
2 0.70228125 0.31969444444444445 0.01883593749999992 0.051763888888888866
2 0.6942265625 0.27294444444444443 0.014570312500000071 0.03849999999999996
2 0.5652890625 0.30516666666666664 0.01789062500000007 0.04573611111111112
2 0.577796875 0.28633333333333333 0.01604687499999997 0.044055555555555515
2 0.626421875 0.23652777777777778 0.012179687499999935 0.027569444444444476