0 0.2910859375 0.625736111111111 0.16214843750000005 0.23861111111111105
0 0.523140625 0.17001388888888888 0.03792187499999997 0.04840277777777779
0 0.3711484375 0.35615277777777776 0.09017968749999997 0.12036111111111107
0 0.492671875 0.22533333333333336 0.06447656249999997 0.08706944444444444
0 0.45660156250000006 0.7629861111111111 0.1379140625 0.3251111111111111
0 0.4883828125 0.5323888888888889 0.1086015625 0.2269027777777778
3 0.1063046875 0.7484999999999999 0.0474453125 0.1049722222222222
3 0.2859921875 0.3801805555555556 0.03551562500000003 0.07765277777777774
3 0.26175000000000004 0.7946666666666666 0.058968750000000014 0.12788888888888877
2 0.55628125 0.8730972222222222 0.06358593750000008 0.16205555555555565
2 0.633875 0.8870833333333334 0.06329687499999999 0.14705555555555572
3 0.737015625 0.8385 0.0529296875 0.12158333333333328
2 0.6863984375000001 0.830986111111111 0.05417968749999993 0.14830555555555552
2 0.758015625 0.770875 0.04382031249999994 0.11194444444444432
3 0.567484375 0.6898194444444444 0.04232812500000005 0.08565277777777772
3 0.6325078125 0.6759583333333332 0.04158593750000002 0.08709722222222219
2 0.5814375 0.6519027777777778 0.04096093750000005 0.08377777777777785
2 0.665109375 0.6939722222222222 0.04239843749999998 0.11452777777777776
2 0.6026640624999999 0.6084305555555556 0.034757812500000006 0.10888888888888885
0 0.535359375 0.4351805555555555 0.07942187500000006 0.1605277777777778
3 0.4443671875 0.21590277777777775 0.02483593749999997 0.048708333333333326
3 0.46643749999999995 0.24736111111111111 0.01997656249999995 0.04811111111111109
2 0.538015625 0.24480555555555555 0.01752343750000005 0.03820833333333332
3 0.63059375 0.26190277777777776 0.023921874999999915 0.05851388888888888
2 0.7104140625 0.3284722222222222 0.028148437499999977 0.061194444444444406
2 0.65225 0.21295833333333336 0.013828125000000035 0.03899999999999998
2 0.6387031249999999 0.18368055555555557 0.013984375000000071 0.03488888888888889
0 0.5667500000000001 0.29983333333333334 0.06646874999999994 0.1283333333333333
0 0.6388046875 0.37493055555555554 0.08576562499999998 0.2208055555555556
0 0.5835390625 0.2244861111111111 0.045570312499999946 0.07216666666666664
0 0.6016796875 0.1548472222222222 0.036148437499999984 0.058944444444444424
0 0.6765859375 0.1619861111111111 0.03408593750000009 0.07120833333333333
0 0.5539531249999999 0.12036111111111111 0.031070312499999985 0.045069444444444426
2 0.554203125 0.23333333333333334 0.017320312500000056 0.04679166666666666
3 0.145265625 0.5973055555555555 0.04377343749999998 0.10148611111111118
3 0.5382734375 0.21316666666666664 0.01489843749999995 0.03186111111111111
3 0.5537109375 0.19937500000000002 0.01750000000000007 0.03813888888888886
3 0.7124140625 0.2844027777777778 0.02190624999999997 0.04537500000000002
3 0.639140625 0.15791666666666668 0.010679687500000057 0.02134722222222223
3 0.6516875 0.18737499999999999 0.011921874999999993 0.03155555555555553
2 0.6726796875 0.27784722222222225 0.019156249999999986 0.054374999999999965
3 0.761640625 0.7035694444444445 0.039820312500000024 0.09238888888888894
3 0.692 0.7297777777777779 0.043726562500000024 0.08762499999999997
3 0.6371249999999999 0.7911666666666667 0.045570312499999946 0.1004722222222221
3 0.55921875 0.7706111111111111 0.04744531250000002 0.11102777777777785
3 0.6653515624999999 0.6315694444444445 0.03275781250000005 0.08008333333333328
2 0.642765625 0.6339305555555556 0.03103125000000002 0.08111111111111108
3 0.5819453125 0.5916666666666667 0.030117187499999965 0.07899999999999999
3 0.6041171875 0.5452361111111111 0.02800781249999993 0.06784722222222225