0 0.4546875 0.5076388888888889 0.08125 0.11944444444444445
0 0.576953125 0.46597222222222223 0.065625 0.11944444444444445
3 0.59375 0.6243055555555556 0.03046875 0.05555555555555555
3 0.5171875 0.4076388888888889 0.01875 0.04861111111111111
3 0.537109375 0.30694444444444446 0.01328125 0.029166666666666667
3 0.46484375 0.3416666666666667 0.01484375 0.030555555555555555
3 0.396484375 0.9208333333333333 0.04921875 0.125
3 0.42734375 0.8326388888888889 0.0453125 0.1125
3 0.48984375 0.9451388888888889 0.046875 0.10972222222222222
3 0.534375 0.8673611111111111 0.04453125 0.1
3 0.589453125 0.8291666666666667 0.04375 0.08611111111111111
3 0.55546875 0.9604166666666667 0.040625 0.075
3 0.6421875 0.8694444444444445 0.04765625 0.09027777777777778
3 0.646875 0.7756944444444445 0.04609375 0.09027777777777778
3 0.673046875 0.5090277777777777 0.02578125 0.05
3 0.71484375 0.4777777777777778 0.0265625 0.05416666666666667
3 0.72109375 0.5430555555555555 0.02421875 0.05138888888888889
3 0.646875 0.39375 0.01640625 0.03333333333333333
3 0.626953125 0.28680555555555554 0.01015625 0.022222222222222223
3 0.63828125 0.29930555555555555 0.0109375 0.020833333333333332
3 0.650390625 0.2881944444444444 0.01171875 0.020833333333333332
3 0.56796875 0.26944444444444443 0.0078125 0.016666666666666666
2 0.62734375 0.30277777777777776 0.0109375 0.027777777777777776
2 0.637890625 0.31805555555555554 0.0109375 0.030555555555555555
2 0.65078125 0.30972222222222223 0.01015625 0.03194444444444444
2 0.6484375 0.4263888888888889 0.02109375 0.05694444444444444
2 0.7140625 0.51875 0.02109375 0.05
2 0.67109375 0.5520833333333334 0.0234375 0.058333333333333334
2 0.71953125 0.5694444444444444 0.028125 0.044444444444444446
2 0.62109375 0.7159722222222222 0.028125 0.10277777777777777
2 0.64140625 0.83125 0.03671875 0.08194444444444444
2 0.586328125 0.9083333333333333 0.04296875 0.10972222222222222
2 0.531640625 0.9458333333333333 0.040625 0.10555555555555556
2 0.423046875 0.9118055555555555 0.034375 0.12083333333333333
2 0.639453125 0.9409722222222222 0.046875 0.10416666666666667
1 0.671875 0.32430555555555557 0.028125 0.06805555555555555
0 0.62890625 0.2590277777777778 0.02265625 0.04027777777777778