0 0.71015625 0.6194444444444445 0.16484375 0.24305555555555555
0 0.4734375 0.17083333333333334 0.03828125 0.05
0 0.62734375 0.35208333333333336 0.09140625 0.12361111111111112
0 0.5046875 0.225 0.065625 0.08888888888888889
0 0.54609375 0.7618055555555555 0.14140625 0.32916666666666666
0 0.512109375 0.5319444444444444 0.1109375 0.23055555555555557
3 0.89609375 0.7361111111111112 0.0484375 0.10694444444444444
3 0.712890625 0.3736111111111111 0.0359375 0.07916666666666666
3 0.741015625 0.7875 0.06015625 0.12916666666666668
2 0.447265625 0.875 0.06484375 0.1638888888888889
2 0.369921875 0.8909722222222223 0.06484375 0.1486111111111111
3 0.26640625 0.8458333333333333 0.05390625 0.12361111111111112
2 0.316796875 0.8368055555555556 0.05546875 0.15
2 0.24453125 0.7791666666666667 0.04453125 0.11388888888888889
3 0.434375 0.6916666666666667 0.04296875 0.0875
3 0.369140625 0.6798611111111111 0.0421875 0.08888888888888889
2 0.419921875 0.6541666666666667 0.04140625 0.08472222222222223
2 0.33671875 0.6993055555555555 0.04375 0.11527777777777778
2 0.3984375 0.6118055555555556 0.0359375 0.10972222222222222
0 0.4640625 0.4361111111111111 0.08125 0.1625
3 0.552734375 0.21388888888888888 0.025 0.05
3 0.53125 0.2465277777777778 0.0203125 0.04861111111111111
2 0.459375 0.24583333333333332 0.01796875 0.03888888888888889
3 0.3671875 0.2659722222222222 0.02421875 0.059722222222222225
2 0.287890625 0.3347222222222222 0.02890625 0.0625
2 0.344921875 0.21805555555555556 0.0140625 0.03888888888888889
2 0.358203125 0.18819444444444444 0.0140625 0.034722222222222224
0 0.43125 0.3020833333333333 0.06796875 0.13055555555555556
0 0.36015625 0.37916666666666665 0.08828125 0.22361111111111112
0 0.413671875 0.22708333333333333 0.04609375 0.07361111111111111
0 0.394921875 0.15833333333333333 0.03671875 0.059722222222222225
0 0.3203125 0.1673611111111111 0.03515625 0.07222222222222222
0 0.4421875 0.12222222222222222 0.03125 0.04583333333333333
2 0.443359375 0.23472222222222222 0.01796875 0.04722222222222222
3 0.85546875 0.5861111111111111 0.04453125 0.10277777777777777
3 0.458984375 0.21458333333333332 0.01484375 0.03194444444444444
3 0.443359375 0.2013888888888889 0.01796875 0.03888888888888889
3 0.285546875 0.29097222222222224 0.02265625 0.04583333333333333
3 0.357421875 0.1625 0.0109375 0.022222222222222223
3 0.3453125 0.19236111111111112 0.0125 0.03194444444444444
2 0.325 0.2833333333333333 0.01953125 0.05555555555555555
3 0.240234375 0.7118055555555556 0.040625 0.09305555555555556
3 0.31015625 0.7354166666666667 0.04453125 0.08888888888888889
3 0.365625 0.7951388888888888 0.046875 0.10138888888888889
3 0.443359375 0.7722222222222223 0.0484375 0.1125
3 0.3359375 0.6368055555555555 0.03359375 0.08055555555555556
2 0.35859375 0.6381944444444444 0.03203125 0.08194444444444444
3 0.419140625 0.5944444444444444 0.03125 0.08055555555555556
3 0.396484375 0.5486111111111112 0.02890625 0.06805555555555555