0 0.44453125 0.55625 0.08359375 0.14722222222222223
0 0.4515625 0.35208333333333336 0.03984375 0.058333333333333334
3 0.84609375 0.7388888888888889 0.04765625 0.13472222222222222
0 0.42734375 0.30277777777777776 0.028125 0.043055555555555555
0 0.5046875 0.7305555555555555 0.11171875 0.225
1 0.31328125 0.3715277777777778 0.03125 0.07916666666666666
1 0.671875 0.5638888888888889 0.078125 0.15833333333333333
3 0.725390625 0.5541666666666667 0.0328125 0.07361111111111111
3 0.639453125 0.4791666666666667 0.02578125 0.05555555555555555
3 0.551171875 0.4013888888888889 0.01796875 0.05
3 0.58125 0.8152777777777778 0.04375 0.09444444444444444
3 0.613671875 0.9104166666666667 0.04375 0.10555555555555556
3 0.518359375 0.9444444444444444 0.05078125 0.10972222222222222
3 0.470703125 0.8645833333333334 0.046875 0.09166666666666666
3 0.416796875 0.8319444444444445 0.040625 0.08611111111111111
3 0.4546875 0.9597222222222223 0.034375 0.07361111111111111
3 0.39296875 0.9680555555555556 0.0421875 0.06388888888888888
3 0.36875 0.8694444444444445 0.040625 0.08194444444444444
3 0.299609375 0.8340277777777778 0.03984375 0.07777777777777778
3 0.36015625 0.7798611111111111 0.03671875 0.07361111111111111
3 0.348046875 0.5034722222222222 0.025 0.043055555555555555
3 0.349609375 0.35555555555555557 0.0109375 0.030555555555555555
3 0.38828125 0.35138888888888886 0.01328125 0.03194444444444444
3 0.3640625 0.3659722222222222 0.01328125 0.02638888888888889
3 0.348046875 0.28055555555555556 0.00859375 0.013888888888888888
2 0.379296875 0.31180555555555556 0.01015625 0.02638888888888889
2 0.347265625 0.2986111111111111 0.0109375 0.02638888888888889
2 0.3390625 0.29375 0.00859375 0.020833333333333332
2 0.329296875 0.29097222222222224 0.009375 0.02361111111111111
2 0.388671875 0.3819444444444444 0.01484375 0.03333333333333333
2 0.363671875 0.3958333333333333 0.015625 0.043055555555555555
2 0.35078125 0.3819444444444444 0.0125 0.041666666666666664
2 0.3484375 0.5472222222222223 0.025 0.07222222222222222
2 0.391015625 0.7305555555555555 0.02890625 0.09861111111111111
2 0.427734375 0.7555555555555555 0.0375 0.10833333333333334
2 0.246875 0.8423611111111111 0.03984375 0.10694444444444444
2 0.3046875 0.9201388888888888 0.04453125 0.12083333333333333
2 0.369921875 0.9451388888888889 0.03984375 0.10972222222222222
2 0.421484375 0.9097222222222222 0.0453125 0.10416666666666667
2 0.58359375 0.9020833333333333 0.0390625 0.10833333333333334
2 0.47578125 0.9458333333333333 0.04453125 0.10277777777777777
2 0.366015625 0.8354166666666667 0.03984375 0.07361111111111111