0 0.6272578125 0.24694444444444447 0.03264062499999998 0.06430555555555557
0 0.6360546874999999 0.1655 0.022054687500000014 0.04213888888888887
3 0.44953125 0.7656666666666666 0.051382812499999986 0.16263888888888883
0 0.6252421874999999 0.32262500000000005 0.04482031249999992 0.1050416666666667
3 0.73790625 0.43347222222222226 0.023031250000000014 0.08086111111111115
3 0.353328125 0.6789166666666666 0.043234375000000026 0.09962499999999995
3 0.3977421875 0.5939305555555555 0.039437500000000014 0.07465277777777778
3 0.3176953125 0.3821111111111111 0.02834374999999998 0.06268055555555554
3 0.46607031250000003 0.3559583333333334 0.02809375000000003 0.0533333333333333
3 0.5656484374999999 0.27808333333333335 0.015796875000000023 0.03004166666666666
3 0.578234375 0.2653888888888889 0.016015625 0.03333333333333333
0 0.48190625000000004 0.3199166666666667 0.058171875000000026 0.09212499999999998
3 0.6919765625000001 0.2074861111111111 0.014859374999999985 0.030861111111111148
3 0.5071718749999999 0.48568055555555556 0.024960937500000037 0.06037500000000004
3 0.45364062499999996 0.63425 0.033140625000000055 0.0712083333333333
3 0.662921875 0.7254305555555555 0.04473437499999999 0.07887499999999995
3 0.6491328125 0.8992083333333333 0.05059374999999999 0.10536111111111097
3 0.70978125 0.8640972222222222 0.05046874999999993 0.10647222222222233
0 0.5517890624999999 0.7966944444444445 0.14486718750000005 0.36570833333333325
0 0.570328125 0.5531944444444444 0.08643750000000008 0.1810416666666667
2 0.565421875 0.30852777777777773 0.021632812500000043 0.05508333333333329
2 0.5770546875 0.29191666666666666 0.018390624999999973 0.055305555555555545
2 0.474296875 0.6264444444444445 0.03463281249999994 0.1013194444444445
2 0.3958984375 0.6522361111111111 0.036250000000000025 0.10556944444444444
2 0.347421875 0.7562916666666666 0.04347656249999998 0.11388888888888889
2 0.445625 0.8009722222222223 0.05518750000000008 0.140736111111111
2 0.65559375 0.7696805555555555 0.0501953125 0.11373611111111125
2 0.6297265624999999 0.6812638888888889 0.043656250000000084 0.12480555555555549
2 0.6485078125 0.9585972222222223 0.06346875 0.08279166666666653
3 0.7163125 0.4855555555555556 0.024242187499999977 0.04886111111111104