0 0.3400625 0.7432777777777777 0.14121875 0.20059722222222232
0 0.4882109375 0.7682083333333334 0.1125 0.20772222222222214
0 0.35021874999999997 0.5551527777777777 0.09878906250000004 0.12895833333333337
0 0.542921875 0.5725277777777779 0.08931249999999995 0.14534722222222218
0 0.577203125 0.4602361111111111 0.04962499999999999 0.09502777777777772
0 0.5516640625 0.34029166666666666 0.03952343749999994 0.05283333333333332
0 0.49115624999999996 0.43456944444444445 0.05792968750000007 0.09052777777777786
3 0.1421015625 0.7358055555555555 0.044468750000000015 0.09925000000000005
0 0.6060625 0.4036666666666667 0.04009374999999995 0.07790277777777782
0 0.5966171874999999 0.3527083333333333 0.03249999999999993 0.052569444444444474
3 0.1027109375 0.8361111111111111 0.050921875000000005 0.10938888888888888
0 0.6107890625 0.32844444444444443 0.02965625000000003 0.06280555555555552
3 0.276765625 0.49383333333333335 0.0220703125 0.05887499999999998
3 0.51209375 0.3317083333333333 0.018484375000000063 0.03672222222222222
3 0.45382812499999997 0.39618055555555554 0.019921875 0.0398472222222223
3 0.42784374999999997 0.47108333333333335 0.023203125000000036 0.048097222222222215
3 0.3846796875 0.9171944444444444 0.049335937500000024 0.11252777777777775
3 0.43728125 0.8828333333333334 0.04662500000000005 0.09726388888888884
3 0.48046875 0.94375 0.0515625 0.1125
3 0.52971875 0.8692361111111111 0.0470703125 0.09216666666666652
3 0.5816640625 0.8455 0.03846875000000001 0.08772222222222234
3 0.5568125 0.7782222222222223 0.03585156250000008 0.07756944444444432
3 0.564953125 0.703861111111111 0.032648437499999974 0.07897222222222217
3 0.603140625 0.7222083333333333 0.03694531249999997 0.08879166666666667
3 0.6393671875 0.7807777777777777 0.03862500000000004 0.08279166666666653
3 0.68028125 0.8134027777777777 0.04029687499999994 0.08862499999999993
3 0.6328437499999999 0.8765694444444444 0.04149218749999992 0.09147222222222208
3 0.6879921875 0.9105277777777778 0.03659374999999994 0.09334722222222228
3 0.546 0.9559305555555555 0.04610156249999999 0.08813888888888893
3 0.6062031250000001 0.9655555555555556 0.03443749999999994 0.06888888888888876
3 0.5767578125 0.6354722222222222 0.02664843749999992 0.05004166666666663
3 0.608328125 0.5463749999999999 0.026632812499999936 0.04697222222222229
3 0.6350234375 0.5707222222222222 0.024007812500000014 0.05399999999999999
3 0.6550078125 0.5395833333333333 0.024656249999999956 0.050347222222222224
3 0.9026953125 0.6285555555555555 0.027085937500000056 0.05173611111111111
3 0.724875 0.5006944444444444 0.022585937500000063 0.04388888888888892
0 0.659921875 0.3924583333333333 0.03674218749999998 0.07252777777777782
0 0.6489609375 0.4606527777777778 0.05070312500000007 0.11350000000000003
0 0.5975625 0.2796944444444444 0.029625000000000058 0.05298611111111108
3 0.555125 0.38534722222222223 0.01593750000000007 0.030805555555555485
3 0.5731875 0.3790555555555556 0.015304687499999936 0.03013888888888895
3 0.673453125 0.32487499999999997 0.012968749999999928 0.025472222222222188
3 0.7055703125 0.3841666666666667 0.016859374999999944 0.030833333333333397
2 0.44010156250000004 0.9528333333333333 0.044320312500000014 0.09431944444444455
2 0.52265625 0.9420277777777778 0.04632812499999996 0.11594444444444447
2 0.5794140624999999 0.9119305555555556 0.045632812500000064 0.10069444444444445
2 0.63046875 0.9402777777777778 0.046875 0.11944444444444445
2 0.554515625 0.40494444444444444 0.017906250000000058 0.03356944444444439
2 0.5729296875000001 0.3978611111111111 0.01921874999999993 0.03836111111111112
2 0.6727109375 0.34726388888888887 0.015015625000000022 0.033597222222222216
2 0.7049609375 0.4124444444444444 0.01841406249999995 0.0450416666666666
2 0.6287812500000001 0.29808333333333337 0.009453124999999929 0.02620833333333334
2 0.652796875 0.30483333333333335 0.010914062500000021 0.028486111111111097
2 0.606828125 0.5954583333333333 0.026968749999999986 0.08148611111111105
2 0.6553828125 0.5775972222222222 0.02524999999999995 0.047180555555555594
2 0.9135390624999999 0.673625 0.025093749999999915 0.060458333333333295
2 0.8439765625 0.5284027777777778 0.023890624999999943 0.06336111111111112
2 0.7621249999999999 0.8066666666666666 0.03595312499999999 0.10209722222222221
2 0.5996875 0.7768333333333334 0.036351562499999976 0.08902777777777765
2 0.55128125 0.8294444444444445 0.034218749999999964 0.08619444444444437
2 0.6330859375 0.8322361111111112 0.04284374999999994 0.07502777777777775
2 0.6778125 0.8817638888888889 0.04185937499999994 0.09137499999999996
2 0.6823515625 0.9647222222222223 0.04403906249999991 0.07054166666666661
1 0.7113046875 0.5698055555555556 0.060562499999999984 0.10945833333333325