0 0.43540625000000005 0.3902638888888889 0.07888281250000002 0.10762500000000001
0 0.5128359375 0.27022222222222225 0.04943749999999998 0.06486111111111109
3 0.42923437499999995 0.3120277777777778 0.016507812500000087 0.04422222222222219
0 0.7962031249999999 0.28102777777777777 0.046242187499999955 0.06256944444444446
4 0.2617421875 0.6599166666666666 0.17742968750000002 0.2686944444444445
3 0.3547890625 0.6977777777777777 0.04138281250000002 0.08638888888888895
3 0.3713203125 0.8214027777777777 0.04439843750000003 0.09256944444444457
3 0.44901562500000003 0.7324305555555556 0.04145312499999996 0.08927777777777773
3 0.4511796875 0.6327777777777778 0.04343749999999993 0.08486111111111114
3 0.48920312499999996 0.5129305555555556 0.034140625000000036 0.06312500000000007
3 0.31571875 0.4159305555555556 0.02657031249999999 0.061124999999999985
3 0.3616328125 0.3788472222222222 0.025843750000000033 0.051902777777777784
3 0.6806015624999999 0.6874722222222223 0.04504687500000006 0.0917638888888888
3 0.6683984374999999 0.7957777777777778 0.04419531249999995 0.09329166666666677
3 0.7110078125 0.8714027777777777 0.05003906249999997 0.09441666666666669
3 0.64971875 0.46529166666666666 0.03246093749999997 0.062333333333333324
3 0.6703281249999999 0.44269444444444445 0.023140624999999915 0.06591666666666672
3 0.6791953125 0.4122638888888889 0.02240625000000005 0.044444444444444446
3 0.64415625 0.255125 0.015023437500000014 0.03505555555555557
3 0.5667500000000001 0.27523611111111107 0.015015625000000022 0.034569444444444423
3 0.5805859375 0.2662083333333333 0.012875000000000015 0.03133333333333334
3 0.5566875 0.218125 0.013578125000000085 0.028888888888888905
3 0.5937109375 0.22466666666666665 0.011171874999999965 0.02438888888888889
3 0.6614921875 0.194875 0.012093750000000014 0.02418055555555559
0 0.6386953125 0.1846111111111111 0.025679687499999916 0.045611111111111095
0 0.6185546875 0.2162361111111111 0.02854687499999997 0.045152777777777764
0 0.635265625 0.2363472222222222 0.03171874999999993 0.04845833333333331
0 0.6734843749999999 0.24215277777777777 0.03454687500000002 0.06533333333333337
0 0.6168125 0.25755555555555554 0.03439062499999999 0.04791666666666667
0 0.6695859375000001 0.3033194444444444 0.046250000000000034 0.07236111111111114
0 0.6111484375 0.3084861111111111 0.04680468750000007 0.08798611111111114
0 0.5920703125 0.3637222222222222 0.06376562500000009 0.12155555555555553
0 0.6661015625 0.37420833333333337 0.053695312500000016 0.11315277777777781
0 0.6048359375000001 0.4424444444444445 0.07410937499999992 0.1588611111111111
0 0.5723359375 0.5547083333333334 0.08448437500000008 0.17720833333333338
0 0.55659375 0.7962777777777779 0.14084375 0.35363888888888895
2 0.34292968749999997 0.7684722222222221 0.04435156249999998 0.11822222222222215
2 0.3640390625 0.9242916666666667 0.060609375000000035 0.1490833333333332
2 0.4353828125 0.8215416666666666 0.05517968750000009 0.13826388888888883
2 0.47292968750000003 0.6273611111111111 0.03622656249999991 0.10926388888888883
2 0.4384765625 0.6896805555555556 0.04664062500000003 0.11911111111111118
2 0.66325 0.8901388888888888 0.04414843749999999 0.15441666666666676
2 0.7063203125 0.9545138888888889 0.05291406250000001 0.09097222222222222
2 0.6320781249999999 0.6800833333333333 0.04246874999999992 0.12737499999999996
2 0.6429609375 0.2787638888888889 0.016929687500000058 0.05018055555555555
2 0.5641640625 0.3045555555555556 0.0171875 0.04616666666666668
2 0.5767578125 0.28702777777777777 0.015312499999999929 0.04272222222222221
2 0.66096875 0.2115277777777778 0.012171874999999943 0.02936111111111109
2 0.6683828125 0.46926388888888887 0.021867187500000006 0.05279166666666665