0 0.21326562500000001 0.725 0.17893749999999997 0.23005555555555546
4 0.47173437500000004 0.35381944444444446 0.08058593750000007 0.1329861111111111
3 0.1901796875 0.8544583333333334 0.04096093749999998 0.11163888888888904
3 0.3494140625 0.6960972222222223 0.04508593750000003 0.08802777777777777
3 0.44221875 0.7319444444444444 0.04517187499999995 0.0850972222222222
3 0.3688828125 0.8221527777777778 0.04353125000000002 0.10076388888888882
3 0.4490546875 0.6251805555555555 0.04014843750000008 0.08206944444444449
3 0.44504687499999995 0.42824999999999996 0.03041406250000005 0.07359722222222223
3 0.49006249999999996 0.5145694444444444 0.02974218749999995 0.05759722222222226
3 0.3021328125 0.4069722222222222 0.029265625000000028 0.05540277777777776
3 0.39974218750000007 0.35755555555555557 0.02482031250000003 0.05393055555555557
3 0.4408359375 0.2915277777777778 0.017429687499999957 0.039513888888888876
3 0.475984375 0.25425 0.014515624999999944 0.03851388888888892
3 0.46040625 0.22940277777777776 0.01400781250000005 0.03188888888888886
3 0.5069296875 0.26593055555555556 0.01439843750000005 0.03906944444444444
3 0.5373828125 0.2637916666666667 0.01721874999999997 0.033513888888888885
3 0.5218671875 0.2421111111111111 0.015781250000000035 0.03322222222222224
3 0.50053125 0.2435 0.01372656249999995 0.03537500000000004
3 0.5096015625 0.22840277777777776 0.012617187500000071 0.03179166666666665
3 0.53634375 0.22059722222222225 0.013757812499999921 0.030486111111111096
0 0.5669453125 0.2229722222222222 0.03607812500000005 0.0538888888888889
0 0.5503046875 0.7921111111111112 0.14257031250000002 0.35569444444444454
0 0.5727734375 0.5517083333333334 0.08302343749999999 0.17758333333333334
0 0.6019375 0.4403888888888889 0.06939062499999996 0.15716666666666662
0 0.59128125 0.35944444444444446 0.05813281250000006 0.11773611111111108
0 0.6648203125000001 0.35523611111111114 0.05119531249999998 0.1093333333333333
0 0.667203125 0.27479166666666666 0.04126562499999995 0.07912499999999996
0 0.61284375 0.30968055555555557 0.04939843750000002 0.09801388888888887
0 0.6421171875 0.20744444444444446 0.03211718749999992 0.051763888888888866
0 0.6037890625 0.16998611111111112 0.030531249999999944 0.04563888888888887
0 0.656546875 0.1626111111111111 0.023039062500000006 0.04052777777777777
0 0.636265625 0.18165277777777777 0.02201562500000005 0.03770833333333332
3 0.6349765625 0.24090277777777777 0.01389062499999998 0.032194444444444456
3 0.5683203125 0.2789861111111111 0.020468750000000036 0.03404166666666665
3 0.57840625 0.2571527777777778 0.016367187500000036 0.039458333333333366
3 0.7121015625 0.3199722222222222 0.0169921875 0.041277777777777816
3 0.650296875 0.4650138888888889 0.026304687500000055 0.053930555555555613
3 0.6687890624999999 0.43455555555555553 0.020250000000000056 0.05043055555555548
3 0.6854609375 0.39402777777777775 0.020671875000000027 0.04645833333333339
3 0.6772109375 0.6974027777777778 0.046242187500000045 0.08866666666666663
2 0.632140625 0.6808888888888889 0.04070312499999993 0.11530555555555554
2 0.6599140625000001 0.8920555555555555 0.04803125000000001 0.15129166666666677
2 0.70871875 0.94425 0.050148437500000045 0.11149999999999996
2 0.43727343750000003 0.8183055555555555 0.047531249999999935 0.1534861111111111
2 0.364109375 0.9164722222222222 0.06185937499999996 0.1670555555555555
2 0.34304687500000003 0.7683888888888889 0.04314843750000001 0.12068055555555561
2 0.4751953125 0.6309583333333334 0.037101562500000004 0.09654166666666665
2 0.43915625 0.6872083333333333 0.04146874999999994 0.09425000000000001
3 0.6690546875 0.8072638888888889 0.050359375000000026 0.11279166666666672
3 0.70803125 0.8781944444444444 0.04707812499999999 0.10575000000000014
3 0.37510937499999997 0.4969305555555556 0.028140624999999985 0.05268055555555549
3 0.7199140625 0.2613055555555555 0.010999999999999944 0.026680555555555527
2 0.8774296874999999 0.3544027777777778 0.020156250000000143 0.05037500000000002
2 0.5648984375 0.30425 0.01878124999999997 0.04295833333333334
2 0.63609375 0.2630138888888889 0.016585937500000016 0.040930555555555595
2 0.7102734374999999 0.3516666666666666 0.018249999999999923 0.053569444444444475
2 0.721796875 0.2907777777777778 0.016007812500000006 0.04406944444444447
2 0.682609375 0.42634722222222227 0.020203124999999923 0.05649999999999993
2 0.6704375 0.4698611111111111 0.02059374999999992 0.05115277777777783