0 0.2875 0.60625 0.16875 0.25277777777777777
0 0.5328125 0.17291666666666666 0.0390625 0.05138888888888889
0 0.375390625 0.34444444444444444 0.09375 0.12916666666666668
0 0.50078125 0.225 0.0671875 0.09305555555555556
0 0.448828125 0.7583333333333333 0.14765625 0.3375
0 0.4875 0.53125 0.11484375 0.2361111111111111
3 0.099609375 0.7118055555555556 0.05078125 0.10972222222222222
3 0.28984375 0.36041666666666666 0.0375 0.08055555555555556
3 0.253515625 0.7722222222222223 0.0625 0.13333333333333333
2 0.5453125 0.8777777777777778 0.06796875 0.16805555555555557
2 0.622265625 0.8993055555555556 0.0671875 0.1527777777777778
3 0.7265625 0.8604166666666667 0.05625 0.12638888888888888
2 0.6765625 0.8479166666666667 0.05859375 0.1527777777777778
2 0.749609375 0.7944444444444444 0.046875 0.11527777777777778
3 0.56171875 0.6958333333333333 0.04453125 0.08888888888888889
3 0.626953125 0.6881944444444444 0.04375 0.09027777777777778
2 0.576953125 0.6590277777777778 0.04375 0.0875
2 0.658984375 0.7090277777777778 0.04609375 0.11805555555555555
2 0.59921875 0.6180555555555556 0.03828125 0.1125
0 0.537109375 0.4388888888888889 0.084375 0.16805555555555557
3 0.452734375 0.2111111111111111 0.0265625 0.05138888888888889
3 0.473828125 0.24444444444444444 0.02109375 0.05
2 0.5453125 0.24861111111111112 0.01875 0.04027777777777778
3 0.6375 0.2743055555555556 0.02578125 0.06111111111111111
2 0.715234375 0.3486111111111111 0.0296875 0.06388888888888888
2 0.660546875 0.22777777777777777 0.01484375 0.04027777777777778
2 0.64765625 0.19722222222222222 0.01484375 0.03611111111111111
0 0.57265625 0.30625 0.0703125 0.13472222222222222
0 0.6421875 0.38819444444444445 0.0921875 0.22916666666666666
0 0.59140625 0.2326388888888889 0.04765625 0.0763888888888889
0 0.61171875 0.16458333333333333 0.0375 0.0625
0 0.686328125 0.17916666666666667 0.0359375 0.07361111111111111
0 0.565234375 0.12569444444444444 0.03203125 0.04722222222222222
2 0.562109375 0.2388888888888889 0.01875 0.04861111111111111
3 0.14296875 0.5638888888888889 0.046875 0.10555555555555556
3 0.546484375 0.21736111111111112 0.015625 0.03333333333333333
3 0.5625 0.2048611111111111 0.01875 0.04027777777777778
3 0.718359375 0.30416666666666664 0.0234375 0.04722222222222222
3 0.648828125 0.17152777777777778 0.0109375 0.022222222222222223
3 0.660546875 0.20208333333333334 0.0125 0.03194444444444444
2 0.67890625 0.29444444444444445 0.02109375 0.05555555555555555
3 0.75546875 0.7277777777777777 0.0421875 0.09583333333333334
3 0.68515625 0.7472222222222222 0.04609375 0.09166666666666666
3 0.628515625 0.8034722222222223 0.0484375 0.10416666666666667
3 0.551171875 0.7756944444444445 0.05078125 0.11527777777777778
3 0.661328125 0.6465277777777778 0.03515625 0.08333333333333333
2 0.638671875 0.6472222222222223 0.03359375 0.08333333333333333
3 0.579296875 0.5993055555555555 0.03203125 0.08194444444444444
3 0.602734375 0.5548611111111111 0.0296875 0.07083333333333333