0 0.5426640625 0.5710555555555555 0.08482812499999995 0.14988888888888882
0 0.5787421875 0.459375 0.05415624999999995 0.10505555555555554
3 0.3880156250000001 0.9228611111111111 0.06487500000000002 0.12834722222222233
3 0.515359375 0.3304166666666667 0.015968750000000042 0.04470833333333333
2 0.6525078125 0.44352777777777774 0.020179687499999942 0.04593055555555563
3 0.635765625 0.5619999999999999 0.022968750000000072 0.05715277777777775
3 0.58840625 0.28258333333333335 0.008867187499999929 0.028569444444444436
2 0.6967187499999999 0.4244583333333333 0.017531250000000043 0.04566666666666666
3 0.3654296875 0.7299722222222222 0.038843750000000024 0.08563888888888892
3 0.6533203125 0.40787500000000004 0.021250000000000036 0.03809722222222215
3 0.5569843750000001 0.7852638888888889 0.03217187500000005 0.06884722222222213
3 0.4761796875 0.37363888888888885 0.01766406249999992 0.035958333333333314
3 0.6629609375000001 0.4995833333333333 0.021695312499999987 0.04309722222222218
3 0.5544687500000001 0.32540277777777776 0.017249999999999942 0.029236111111111126
3 0.6854765625 0.33658333333333335 0.014015625000000042 0.031055555555555576
2 0.661234375 0.5715972222222222 0.025914062500000057 0.050472222222222266
3 0.41740625 0.8241944444444443 0.043492187500000015 0.10351388888888885
3 0.479046875 0.9454722222222223 0.05421093750000008 0.10904166666666665
3 0.5297734375 0.8664444444444445 0.04574218749999996 0.08222222222222228
3 0.5793984375 0.8371111111111111 0.03854687499999994 0.09063888888888888
3 0.55 0.9520833333333333 0.046875 0.09583333333333334
3 0.6069296875 0.9666250000000001 0.04092187500000009 0.06674999999999992
3 0.6339296875 0.8739722222222223 0.04160937499999999 0.09145833333333321
3 0.6914687500000001 0.9094583333333333 0.03608593750000004 0.08368055555555555
3 0.6789531249999999 0.8096111111111111 0.03567187500000006 0.0856944444444445
3 0.640953125 0.7858611111111112 0.03760156250000009 0.0829305555555556
3 0.56440625 0.7094166666666666 0.032984375000000024 0.08024999999999996
3 0.600984375 0.7209722222222222 0.035500000000000045 0.08145833333333338
3 0.6118359375 0.5326111111111111 0.030226562500000043 0.0503611111111111
3 0.72884375 0.47525 0.024093749999999935 0.050027777777777754
3 0.5553359375 0.3847916666666667 0.01799218749999998 0.031833333333333276
3 0.5796796875 0.35783333333333334 0.018921875000000022 0.03515277777777774
3 0.65878125 0.3810138888888889 0.013414062500000056 0.02981944444444448
3 0.6966249999999999 0.39141666666666663 0.015437499999999993 0.03430555555555562
0 0.33825781250000003 0.6060555555555556 0.1286875 0.1678194444444445
0 0.4897578125 0.735013888888889 0.11596093750000006 0.23655555555555546
0 0.6041484374999999 0.4064305555555556 0.04746874999999999 0.0927222222222222
3 0.5455234375 0.31595833333333334 0.01372656249999995 0.029611111111111102
0 0.62434375 0.28494444444444444 0.025710937500000065 0.054388888888888924
0 0.6069375 0.32281944444444444 0.03546875000000007 0.06365277777777775
0 0.6535234375 0.3169722222222222 0.027710937500000022 0.06016666666666666
2 0.5795 0.3890138888888889 0.01671875000000007 0.04398611111111105
2 0.55534375 0.40679166666666666 0.01967187500000005 0.046611111111111034
2 0.6856875 0.35081944444444446 0.013242187500000035 0.03283333333333335
2 0.6872265625 0.3832361111111111 0.01281250000000007 0.03211111111111112
2 0.6089687500000001 0.5706805555555555 0.025093749999999915 0.07543055555555547
2 0.7316015625000001 0.5119444444444444 0.027648437500000077 0.055069444444444414
2 0.599109375 0.7803194444444445 0.03617968749999996 0.0956666666666665
2 0.6389843749999999 0.8286388888888889 0.03896093749999992 0.08349999999999985
2 0.5502109374999999 0.818513888888889 0.03694531249999997 0.0752500000000001
2 0.5213593750000001 0.9485972222222222 0.039796875000000044 0.10279166666666666
2 0.578796875 0.9120972222222222 0.04122656249999999 0.10677777777777793
2 0.631625 0.9389305555555555 0.04805468749999999 0.1221250000000001
2 0.6820546875 0.9591666666666667 0.04171093750000008 0.08166666666666661
2 0.6764609375 0.8720694444444445 0.03891406249999996 0.08743055555555562
2 0.4175625 0.8924305555555555 0.03970312499999999 0.09427777777777793
1 0.7115781250000001 0.5591388888888889 0.05367968750000003 0.10897222222222228