0 0.32890625 0.8159722222222222 0.16171875 0.23194444444444445
0 0.547265625 0.5652777777777778 0.09765625 0.16111111111111112
0 0.45 0.50625 0.078125 0.11527777777777778
0 0.52890625 0.34444444444444444 0.0515625 0.075
0 0.570703125 0.4486111111111111 0.071875 0.10694444444444444
0 0.58828125 0.33194444444444443 0.040625 0.0763888888888889
0 0.59921875 0.38333333333333336 0.04375 0.08888888888888889
0 0.645703125 0.29444444444444445 0.0296875 0.03888888888888889
0 0.603125 0.2861111111111111 0.02734375 0.059722222222222225
0 0.649609375 0.35138888888888886 0.04296875 0.09444444444444444
2 0.442578125 0.9027777777777778 0.04375 0.09166666666666666
2 0.55390625 0.9340277777777778 0.040625 0.10694444444444444
2 0.60625 0.8972222222222223 0.0484375 0.125
2 0.658984375 0.9097222222222222 0.0515625 0.12638888888888888
2 0.709765625 0.9173611111111111 0.04140625 0.08888888888888889
2 0.569140625 0.8104166666666667 0.03828125 0.08055555555555556
2 0.657421875 0.7958333333333333 0.04296875 0.09583333333333334
2 0.70234375 0.8347222222222223 0.04921875 0.10416666666666667
2 0.6203125 0.7569444444444444 0.03984375 0.09861111111111111
2 0.61171875 0.5659722222222222 0.0390625 0.09166666666666666
2 0.6265625 0.49583333333333335 0.02734375 0.06527777777777778
2 0.6640625 0.5381944444444444 0.0328125 0.05416666666666667
2 0.7140625 0.43819444444444444 0.0203125 0.058333333333333334
2 0.744140625 0.4666666666666667 0.02109375 0.05
2 0.75390625 0.41388888888888886 0.021875 0.05416666666666667
2 0.755859375 0.375 0.01875 0.05416666666666667
2 0.5484375 0.40069444444444446 0.01953125 0.041666666666666664
2 0.56484375 0.3840277777777778 0.01875 0.043055555555555555
2 0.66640625 0.2986111111111111 0.01328125 0.03194444444444444
3 0.665234375 0.2833333333333333 0.0125 0.025
3 0.5625 0.35138888888888886 0.01875 0.04027777777777778
3 0.546484375 0.375 0.02109375 0.04027777777777778
3 0.712109375 0.40347222222222223 0.02265625 0.041666666666666664
3 0.74609375 0.3486111111111111 0.01875 0.0375
3 0.748828125 0.3888888888888889 0.01875 0.03611111111111111
3 0.73515625 0.4361111111111111 0.025 0.05
3 0.626953125 0.4597222222222222 0.03046875 0.05694444444444444
3 0.61171875 0.5243055555555556 0.028125 0.05416666666666667
3 0.6640625 0.5145833333333333 0.03046875 0.06666666666666667
3 0.585546875 0.6152777777777778 0.02890625 0.05416666666666667
3 0.623828125 0.6166666666666667 0.02265625 0.044444444444444446
3 0.578125 0.6951388888888889 0.03515625 0.07916666666666666
3 0.6171875 0.7020833333333333 0.0359375 0.08472222222222223
3 0.574609375 0.7659722222222223 0.0421875 0.09305555555555556
3 0.6578125 0.7527777777777778 0.040625 0.08888888888888889
3 0.69765625 0.7673611111111112 0.04375 0.09305555555555556
3 0.716015625 0.8652777777777778 0.05078125 0.1111111111111111
3 0.658203125 0.8506944444444444 0.04921875 0.10833333333333334
3 0.6046875 0.8243055555555555 0.04296875 0.09583333333333334
3 0.55625 0.8618055555555556 0.05234375 0.10277777777777777
3 0.5140625 0.94375 0.053125 0.1125
3 0.5796875 0.9368055555555556 0.0484375 0.10555555555555556
3 0.439453125 0.8361111111111111 0.05625 0.10138888888888889
3 0.419140625 0.9361111111111111 0.05703125 0.12777777777777777
3 0.34453125 0.5340277777777778 0.02890625 0.06527777777777778
3 0.36796875 0.48541666666666666 0.0296875 0.0625
3 0.098046875 0.9430555555555555 0.06015625 0.11388888888888889
0 0.509765625 0.7416666666666667 0.12265625 0.25277777777777777
1 0.71328125 0.5145833333333333 0.0609375 0.10694444444444444