0 0.412109375 0.4166666666666667 0.0875 0.11388888888888889
0 0.240234375 0.7590277777777777 0.19375 0.2625
3 0.1375 0.6916666666666667 0.0578125 0.12777777777777777
3 0.358203125 0.7048611111111112 0.046875 0.10138888888888889
3 0.381640625 0.8236111111111111 0.04921875 0.11944444444444445
3 0.4515625 0.7361111111111112 0.05 0.1
3 0.455859375 0.6340277777777777 0.040625 0.0875
3 0.490625 0.5145833333333333 0.034375 0.07916666666666666
3 0.482421875 0.38263888888888886 0.02421875 0.059722222222222225
3 0.497265625 0.26875 0.01796875 0.04027777777777778
3 0.5296875 0.2611111111111111 0.0203125 0.0375
3 0.50546875 0.24513888888888888 0.015625 0.03194444444444444
3 0.53125 0.20069444444444445 0.01640625 0.03333333333333333
3 0.5609375 0.26666666666666666 0.01640625 0.03888888888888889
3 0.6796875 0.78125 0.0453125 0.08472222222222223
3 0.719140625 0.8569444444444444 0.0484375 0.1
3 0.6875 0.6631944444444444 0.0359375 0.08333333333333333
3 0.6515625 0.4534722222222222 0.03359375 0.058333333333333334
3 0.67578125 0.39305555555555555 0.028125 0.05416666666666667
3 0.71640625 0.4013888888888889 0.0265625 0.0625
3 0.636328125 0.2423611111111111 0.01484375 0.03194444444444444
3 0.568359375 0.24791666666666667 0.01328125 0.03333333333333333
3 0.595703125 0.18333333333333332 0.0140625 0.027777777777777776
4 0.5484375 0.22430555555555556 0.04609375 0.07083333333333333
0 0.6546875 0.18125 0.028125 0.05277777777777778
0 0.618359375 0.19375 0.0296875 0.04861111111111111
0 0.628125 0.21875 0.0359375 0.0625
0 0.60703125 0.29444444444444445 0.05 0.09027777777777778
0 0.58828125 0.35138888888888886 0.0609375 0.11666666666666667
0 0.662890625 0.28125 0.04375 0.08055555555555556
0 0.664453125 0.3576388888888889 0.06171875 0.12222222222222222
2 0.6375 0.2652777777777778 0.02109375 0.04722222222222222
2 0.558984375 0.30069444444444443 0.01875 0.04861111111111111
2 0.57109375 0.2826388888888889 0.015625 0.05
2 0.5953125 0.19930555555555557 0.01484375 0.03611111111111111
2 0.66640625 0.4534722222222222 0.028125 0.05694444444444444
2 0.7140625 0.44513888888888886 0.02734375 0.06666666666666667
2 0.6375 0.6680555555555555 0.0453125 0.12777777777777777
2 0.673046875 0.8756944444444444 0.05234375 0.15138888888888888
2 0.720703125 0.9305555555555556 0.05546875 0.10416666666666667
2 0.677734375 0.7208333333333333 0.04140625 0.07916666666666666
2 0.475 0.6326388888888889 0.0359375 0.1125
2 0.4453125 0.83125 0.04921875 0.14027777777777778
2 0.3703125 0.9291666666666667 0.05 0.14166666666666666
2 0.351953125 0.7840277777777778 0.04921875 0.1375
2 0.446484375 0.6916666666666667 0.046875 0.10833333333333334
0 0.598046875 0.4375 0.07109375 0.1625
0 0.574609375 0.55 0.08984375 0.18472222222222223
0 0.559765625 0.7930555555555555 0.14296875 0.36527777777777776
2 0.80703125 0.3076388888888889 0.01875 0.04722222222222222
3 0.802734375 0.28125 0.01328125 0.03888888888888889