0 0.56953125 0.5708333333333333 0.071875 0.13333333333333333
4 0.475390625 0.6333333333333333 0.09765625 0.15416666666666667
3 0.09140625 0.7381944444444445 0.03984375 0.08472222222222223
3 0.214453125 0.7083333333333334 0.04375 0.1
3 0.286328125 0.5708333333333333 0.03125 0.07083333333333333
3 0.283203125 0.4986111111111111 0.02578125 0.059722222222222225
3 0.33125 0.5 0.0203125 0.05416666666666667
3 0.349609375 0.5243055555555556 0.02734375 0.06388888888888888
3 0.389453125 0.46875 0.021875 0.05694444444444444
3 0.401953125 0.5034722222222222 0.03203125 0.06388888888888888
3 0.23515625 0.8527777777777777 0.04453125 0.09166666666666666
3 0.428515625 0.37569444444444444 0.01484375 0.0375
3 0.4703125 0.3729166666666667 0.01875 0.043055555555555555
3 0.462109375 0.42083333333333334 0.0171875 0.04027777777777778
3 0.50625 0.4083333333333333 0.015625 0.03333333333333333
3 0.437890625 0.3902777777777778 0.01484375 0.03888888888888889
3 0.583984375 0.30694444444444446 0.01015625 0.019444444444444445
3 0.6015625 0.34375 0.00859375 0.020833333333333332
3 0.598828125 0.36666666666666664 0.0125 0.025
3 0.499609375 0.47638888888888886 0.02109375 0.05416666666666667
3 0.493359375 0.5013888888888889 0.021875 0.05277777777777778
3 0.486328125 0.5409722222222222 0.0296875 0.059722222222222225
0 0.558203125 0.41180555555555554 0.04453125 0.08888888888888889
3 0.3296875 0.9034722222222222 0.03828125 0.1111111111111111
3 0.3625 0.8173611111111111 0.02890625 0.06944444444444445
3 0.39375 0.7333333333333333 0.02421875 0.059722222222222225
3 0.438671875 0.8194444444444444 0.03671875 0.08888888888888889
3 0.3796875 0.9229166666666667 0.04453125 0.10555555555555556
3 0.478125 0.9243055555555556 0.04609375 0.1111111111111111
3 0.504296875 0.8347222222222223 0.0421875 0.08888888888888889
3 0.539453125 0.8909722222222223 0.040625 0.09305555555555556
3 0.598046875 0.9409722222222222 0.0484375 0.1
3 0.619140625 0.8666666666666667 0.0375 0.09027777777777778
3 0.566796875 0.8097222222222222 0.040625 0.0875
3 0.519921875 0.7652777777777777 0.034375 0.06944444444444445
2 0.510546875 0.7368055555555556 0.02578125 0.07916666666666666
2 0.602734375 0.8263888888888888 0.03671875 0.1125
2 0.632421875 0.8131944444444444 0.02890625 0.06666666666666667
2 0.56484375 0.8944444444444445 0.04453125 0.1375
2 0.537890625 0.95625 0.04453125 0.0875
2 0.500390625 0.9104166666666667 0.04296875 0.10972222222222222
2 0.43359375 0.9118055555555555 0.04296875 0.12638888888888888
2 0.3546875 0.8979166666666667 0.0453125 0.14444444444444443
3 0.6203125 0.6076388888888888 0.03046875 0.05694444444444444
2 0.504296875 0.4354166666666667 0.021875 0.05277777777777778
2 0.596484375 0.3819444444444444 0.01484375 0.03333333333333333
2 0.60078125 0.3597222222222222 0.0125 0.027777777777777776
2 0.583203125 0.3194444444444444 0.01171875 0.027777777777777776
2 0.387890625 0.80625 0.0390625 0.12222222222222222