0 0.5709609375 0.5665555555555556 0.06899218749999995 0.12931944444444446
4 0.4778515625 0.6344722222222222 0.09466406250000006 0.14822222222222226
3 0.0964375 0.7636944444444445 0.038179687500000004 0.08286111111111122
3 0.21871093749999998 0.7260972222222222 0.04194531249999998 0.09772222222222217
3 0.28797656250000003 0.5841111111111111 0.029890624999999994 0.06912499999999998
3 0.28346875 0.5117222222222222 0.02503124999999997 0.05759722222222226
3 0.3313515625 0.510625 0.019484375000000043 0.05293055555555558
3 0.3502421875 0.5335972222222222 0.02600781249999997 0.061847222222222185
3 0.38873437499999997 0.47563888888888883 0.021156250000000033 0.055736111111111104
3 0.40226562499999996 0.5095694444444444 0.030585937500000028 0.061916666666666724
3 0.24211718750000003 0.8690416666666667 0.042953125000000016 0.08877777777777787
3 0.4261875 0.3802222222222222 0.014171875000000079 0.036375000000000074
3 0.4679296875 0.3745277777777778 0.017843749999999936 0.04226388888888886
3 0.46071875 0.423 0.016648437499999957 0.03943055555555554
3 0.5045078125 0.4079444444444445 0.014687499999999964 0.03199999999999995
3 0.4357578125 0.39413888888888887 0.014101562499999965 0.038180555555555565
3 0.5800156249999999 0.301875 0.010031249999999936 0.018763888888888875
3 0.59853125 0.33720833333333333 0.008554687500000036 0.020972222222222253
3 0.5962578125 0.3603888888888889 0.011734374999999986 0.02454166666666665
3 0.49929687500000003 0.4764861111111111 0.020343749999999973 0.0527083333333334
3 0.49334375 0.50175 0.020937499999999963 0.05198611111111104
3 0.487296875 0.5417916666666667 0.028718749999999994 0.05812500000000003
0 0.5563281250000001 0.4085972222222222 0.04315625000000001 0.08633333333333329
3 0.3376484375 0.9137083333333333 0.036375000000000046 0.10831944444444445
3 0.368828125 0.8254305555555554 0.02789843750000003 0.06841666666666665
3 0.39831249999999996 0.73975 0.022812499999999993 0.05776388888888885
3 0.44496874999999997 0.8231666666666666 0.03510156250000005 0.08727777777777766
3 0.3880859375 0.9299861111111112 0.04217968750000001 0.10256944444444432
3 0.48650000000000004 0.9256111111111112 0.043617187499999946 0.1084722222222221
3 0.511046875 0.8340694444444444 0.040335937500000085 0.08656944444444434
3 0.546984375 0.8881805555555555 0.03855468749999993 0.09136111111111107
3 0.60646875 0.9345138888888889 0.04668749999999999 0.09736111111111098
3 0.62628125 0.8590694444444444 0.03615624999999998 0.08829166666666657
3 0.5729765625 0.8053055555555556 0.03862500000000004 0.08506944444444445
3 0.5251796875 0.7639166666666667 0.033210937499999996 0.0677916666666666
2 0.5150625 0.7360277777777778 0.02461718749999999 0.07751388888888881
2 0.6091171875 0.8199305555555556 0.03478906249999998 0.11086111111111102
2 0.6383359375000001 0.805111111111111 0.027968749999999966 0.06484722222222229
2 0.5726718749999999 0.8902916666666667 0.04189843750000009 0.13522222222222208
2 0.546796875 0.9555138888888889 0.04299999999999997 0.08897222222222215
2 0.50846875 0.9101944444444445 0.041000000000000016 0.10693055555555557
2 0.44167187500000005 0.9159861111111111 0.04042187500000001 0.12406944444444434
2 0.3627734375 0.9063611111111112 0.04244531250000003 0.14237499999999997
3 0.6224296875 0.6000972222222222 0.02941406250000007 0.05447222222222226
2 0.5031484374999999 0.4351388888888889 0.020570312499999945 0.05120833333333334
2 0.5941875 0.37579166666666663 0.014546874999999914 0.03302777777777774
2 0.59815625 0.3536111111111111 0.01185937500000005 0.02698611111111112
2 0.5794140624999999 0.3144166666666667 0.011539062499999985 0.02698611111111112
2 0.3941328125 0.8126666666666666 0.03670312500000002 0.12015277777777776