0 0.427734375 0.5618055555555556 0.071875 0.13333333333333333
4 0.51953125 0.6361111111111111 0.09765625 0.15416666666666667
3 0.898046875 0.7888888888888889 0.03984375 0.08472222222222223
3 0.7765625 0.74375 0.04375 0.1
3 0.71015625 0.5972222222222222 0.03125 0.07083333333333333
3 0.716015625 0.525 0.02578125 0.059722222222222225
3 0.668359375 0.5208333333333334 0.0203125 0.05416666666666667
3 0.648828125 0.5430555555555555 0.02734375 0.06388888888888888
3 0.61171875 0.4826388888888889 0.021875 0.05694444444444444
3 0.59765625 0.5159722222222223 0.03203125 0.06388888888888888
3 0.750390625 0.8847222222222222 0.04453125 0.09166666666666666
3 0.576171875 0.38472222222222224 0.01484375 0.0375
3 0.534375 0.3763888888888889 0.01875 0.043055555555555555
3 0.540625 0.42569444444444443 0.0171875 0.04027777777777778
3 0.497265625 0.4076388888888889 0.015625 0.03333333333333333
3 0.56640625 0.39791666666666664 0.01484375 0.03888888888888889
3 0.423828125 0.2972222222222222 0.01015625 0.019444444444444445
3 0.4046875 0.33125 0.00859375 0.020833333333333332
3 0.406640625 0.3541666666666667 0.0125 0.025
3 0.501171875 0.47638888888888886 0.02109375 0.05416666666666667
3 0.506640625 0.5020833333333333 0.021875 0.05277777777777778
3 0.51171875 0.5423611111111111 0.0296875 0.059722222222222225
0 0.4453125 0.4048611111111111 0.04453125 0.08888888888888889
3 0.654296875 0.9236111111111112 0.03828125 0.1111111111111111
3 0.624609375 0.8333333333333334 0.02890625 0.06944444444444445
3 0.596875 0.7458333333333333 0.02421875 0.059722222222222225
3 0.548828125 0.8263888888888888 0.03671875 0.08888888888888889
3 0.603515625 0.9368055555555556 0.04453125 0.10555555555555556
3 0.505078125 0.9263888888888889 0.04609375 0.1111111111111111
3 0.482421875 0.8333333333333334 0.0421875 0.08888888888888889
3 0.4453125 0.8847222222222222 0.040625 0.09305555555555556
3 0.38515625 0.9277777777777778 0.0484375 0.1
3 0.366796875 0.8506944444444444 0.0375 0.09027777777777778
3 0.42109375 0.8006944444444445 0.040625 0.0875
3 0.46953125 0.7625 0.034375 0.06944444444444445
2 0.48046875 0.7347222222222223 0.02578125 0.07916666666666666
2 0.384765625 0.8131944444444444 0.03671875 0.1125
2 0.355859375 0.7965277777777777 0.02890625 0.06666666666666667
2 0.41953125 0.8854166666666666 0.04453125 0.1375
2 0.444140625 0.9520833333333333 0.04453125 0.09166666666666666
2 0.48359375 0.9097222222222222 0.04296875 0.10972222222222222
2 0.55 0.9194444444444444 0.04296875 0.12638888888888888
2 0.629296875 0.9145833333333333 0.0453125 0.14444444444444443
3 0.37578125 0.5923611111111111 0.03046875 0.05694444444444444
2 0.498046875 0.43472222222222223 0.021875 0.05277777777777778
2 0.408203125 0.3701388888888889 0.01484375 0.03333333333333333
2 0.4046875 0.34791666666666665 0.0125 0.027777777777777776
2 0.42421875 0.30972222222222223 0.01171875 0.027777777777777776
2 0.599609375 0.81875 0.0390625 0.12222222222222222