0 0.5265390625 0.25795833333333335 0.048093749999999956 0.07004166666666668
4 0.451484375 0.34715277777777775 0.07301562500000003 0.10805555555555553
0 0.33947656249999997 0.5502916666666666 0.13406249999999997 0.17983333333333335
0 0.574109375 0.2050972222222222 0.03338281250000001 0.04598611111111113
0 0.60228125 0.4242361111111111 0.06721093749999998 0.11194444444444447
3 0.3538046875 0.3867361111111111 0.028914062499999994 0.06841666666666665
3 0.1489609375 0.6082777777777777 0.034062500000000016 0.08680555555555555
3 0.355171875 0.7032361111111112 0.042257812500000026 0.09202777777777785
3 0.36903125000000003 0.8235416666666667 0.04571093749999999 0.09265277777777783
3 0.446609375 0.7385555555555555 0.04311718750000004 0.08581944444444439
3 0.450796875 0.6231249999999999 0.03557031249999998 0.08144444444444443
3 0.49059375000000005 0.5114861111111111 0.030984375000000064 0.05905555555555553
3 0.6806328125000001 0.6842638888888889 0.04096093750000005 0.09181944444444447
3 0.6688359375 0.7974444444444444 0.04770312499999996 0.09168055555555554
3 0.7117890625000001 0.8707777777777779 0.04916406250000005 0.08734722222222237
3 0.6513046874999999 0.4622083333333334 0.029328124999999972 0.0521944444444445
3 0.6686640625 0.4369722222222222 0.021578124999999913 0.05023611111111105
3 0.5670468750000001 0.28068055555555554 0.016570312500000028 0.03952777777777775
3 0.579171875 0.25790277777777776 0.015718749999999913 0.037888888888888854
3 0.6445703125 0.2566111111111111 0.014515624999999944 0.03168055555555556
3 0.677046875 0.22805555555555554 0.013460937500000015 0.026402777777777765
3 0.6518984375 0.17904166666666665 0.009320312500000049 0.021250000000000015
3 0.6792109375 0.4037777777777778 0.02062500000000007 0.037791666666666716
2 0.565390625 0.30294444444444446 0.018984374999999963 0.04954166666666669
2 0.577828125 0.2870972222222222 0.013609375000000057 0.038444444444444455
2 0.6445390625 0.27802777777777776 0.01632031250000008 0.038875000000000014
2 0.7022421875 0.2800138888888889 0.016703125000000086 0.0415416666666667
2 0.6654453124999999 0.21194444444444444 0.015187500000000043 0.03086111111111107
2 0.6522890625 0.19024999999999997 0.012031250000000071 0.0299722222222222
2 0.6700390625 0.4691111111111111 0.02008593750000003 0.05383333333333332
2 0.63025 0.6765138888888889 0.04283593749999994 0.1255694444444444
2 0.47564062500000004 0.6271249999999999 0.03731249999999999 0.1110555555555556
2 0.43814062500000006 0.6863611111111111 0.03428125000000008 0.08390277777777773
2 0.43666406249999995 0.8185555555555556 0.04829687499999995 0.14437500000000006
2 0.33999999999999997 0.7671111111111112 0.040460937499999974 0.11951388888888882
2 0.36164843750000003 0.9177083333333333 0.061531249999999996 0.1616666666666668
2 0.6636640625 0.8918888888888888 0.04880468750000002 0.15165277777777786
2 0.6744375 0.7395277777777778 0.048710937499999926 0.08412499999999999
0 0.5542890625 0.7983888888888889 0.14092187500000009 0.3542638888888888
0 0.569546875 0.5474444444444445 0.08539062499999997 0.1865694444444445
0 0.591984375 0.3618194444444444 0.0640625 0.12363888888888887
0 0.664984375 0.3703888888888889 0.05782031249999999 0.11958333333333336
0 0.6125 0.30323611111111115 0.04949999999999992 0.08650000000000004
0 0.6672734375 0.30001388888888886 0.04248437500000009 0.06841666666666665
0 0.6769609375 0.26958333333333334 0.03387499999999992 0.0689027777777778
0 0.6339140624999999 0.23748611111111112 0.02853906249999998 0.05033333333333335
0 0.6160078125 0.2559166666666667 0.031218750000000028 0.046277777777777765
0 0.6178359375 0.2180416666666667 0.02505468749999995 0.04298611111111109
0 0.7936171875000001 0.27947222222222223 0.04339062500000006 0.06923611111111114
0 0.639171875 0.16120833333333331 0.025624999999999964 0.04194444444444443