0 0.78203125 0.7423611111111111 0.18359375 0.24166666666666667
4 0.53125 0.35555555555555557 0.0828125 0.1375
3 0.802734375 0.8736111111111111 0.04296875 0.11388888888888889
3 0.646484375 0.7055555555555556 0.046875 0.09027777777777778
3 0.553125 0.7354166666666667 0.046875 0.0875
3 0.624609375 0.8298611111111112 0.0453125 0.10277777777777777
3 0.5484375 0.6284722222222222 0.04140625 0.08472222222222223
3 0.55625 0.43194444444444446 0.03203125 0.075
3 0.509765625 0.5152777777777777 0.03046875 0.059722222222222225
3 0.699609375 0.41944444444444445 0.03046875 0.05694444444444444
3 0.603125 0.3638888888888889 0.02578125 0.05555555555555555
3 0.56328125 0.2951388888888889 0.01796875 0.04027777777777778
3 0.52890625 0.25555555555555554 0.015625 0.03888888888888889
3 0.544921875 0.23194444444444445 0.01484375 0.03333333333333333
3 0.49765625 0.2659722222222222 0.01484375 0.04027777777777778
3 0.4671875 0.26180555555555557 0.01796875 0.034722222222222224
3 0.483203125 0.24097222222222223 0.01640625 0.034722222222222224
3 0.5046875 0.24375 0.0140625 0.03611111111111111
3 0.495703125 0.22777777777777777 0.01328125 0.03194444444444444
3 0.469140625 0.21875 0.0140625 0.03194444444444444
0 0.438671875 0.21875 0.0375 0.05555555555555555
0 0.444140625 0.7888888888888889 0.14921875 0.3638888888888889
0 0.426171875 0.5472222222222223 0.08671875 0.18194444444444444
0 0.39921875 0.4340277777777778 0.07265625 0.16111111111111112
0 0.41171875 0.3541666666666667 0.06015625 0.12083333333333333
0 0.33828125 0.3451388888888889 0.053125 0.1125
0 0.3375 0.26458333333333334 0.04296875 0.08194444444444444
0 0.391015625 0.30277777777777776 0.0515625 0.10138888888888889
0 0.363671875 0.1986111111111111 0.0328125 0.05416666666666667
0 0.402734375 0.1638888888888889 0.03125 0.04722222222222222
0 0.35 0.1527777777777778 0.0234375 0.041666666666666664
0 0.369921875 0.1736111111111111 0.02265625 0.03888888888888889
3 0.3703125 0.2326388888888889 0.01484375 0.03333333333333333
3 0.4359375 0.275 0.02109375 0.034722222222222224
3 0.4265625 0.25277777777777777 0.0171875 0.04027777777777778
3 0.29140625 0.30694444444444446 0.01796875 0.041666666666666664
3 0.350390625 0.45555555555555555 0.02734375 0.05555555555555555
3 0.332421875 0.42430555555555555 0.02109375 0.05138888888888889
3 0.316796875 0.38263888888888886 0.021875 0.04722222222222222
3 0.319140625 0.6861111111111111 0.04765625 0.09166666666666666
2 0.364453125 0.6729166666666667 0.04296875 0.11805555555555555
2 0.332421875 0.8819444444444444 0.05078125 0.15416666666666667
2 0.2828125 0.93125 0.05234375 0.11388888888888889
2 0.55625 0.8222222222222222 0.05078125 0.15694444444444444
2 0.627734375 0.9194444444444444 0.06484375 0.16111111111111112
2 0.6515625 0.7777777777777778 0.0453125 0.12361111111111112
2 0.522265625 0.6326388888888889 0.0390625 0.09861111111111111
2 0.55703125 0.6909722222222222 0.04296875 0.09722222222222222
3 0.325 0.7965277777777777 0.05234375 0.11527777777777778
3 0.284765625 0.8652777777777778 0.04921875 0.10833333333333334
3 0.625 0.5048611111111111 0.02890625 0.05416666666666667
3 0.284765625 0.24791666666666667 0.01171875 0.027777777777777776
2 0.12578125 0.33125 0.02109375 0.05138888888888889
2 0.4390625 0.3 0.01953125 0.044444444444444446
2 0.36875 0.2548611111111111 0.0171875 0.041666666666666664
2 0.292578125 0.3388888888888889 0.01953125 0.05416666666666667
2 0.282421875 0.27708333333333335 0.0171875 0.044444444444444446
2 0.319140625 0.4152777777777778 0.02109375 0.058333333333333334
2 0.330078125 0.45902777777777776 0.021875 0.05277777777777778