0 0.57109375 0.48541666666666666 0.06640625 0.10555555555555556
0 0.5171875 0.6236111111111111 0.07578125 0.12361111111111112
0 0.4203125 0.5527777777777778 0.0734375 0.12222222222222222
3 0.610546875 0.4534722222222222 0.02265625 0.05694444444444444
0 0.440625 0.37083333333333335 0.0359375 0.058333333333333334
3 0.774609375 0.65625 0.0375 0.06944444444444445
0 0.53125 0.39652777777777776 0.04140625 0.06527777777777778
3 0.866015625 0.9340277777777778 0.05625 0.12777777777777777
3 0.64296875 0.9361111111111111 0.04453125 0.1
3 0.5921875 0.9430555555555555 0.05078125 0.1111111111111111
3 0.616015625 0.8416666666666667 0.03515625 0.075
3 0.589453125 0.7479166666666667 0.0359375 0.07361111111111111
3 0.538671875 0.8256944444444444 0.04140625 0.10138888888888889
3 0.49375 0.91875 0.05390625 0.11944444444444445
3 0.476171875 0.8291666666666667 0.0390625 0.08472222222222223
3 0.462109375 0.7534722222222222 0.0296875 0.06666666666666667
3 0.4109375 0.7895833333333333 0.0390625 0.09027777777777778
3 0.35546875 0.8277777777777777 0.0375 0.08333333333333333
3 0.3703125 0.9118055555555555 0.046875 0.10138888888888889
3 0.432421875 0.8784722222222222 0.0390625 0.09722222222222222
3 0.60703125 0.42777777777777776 0.021875 0.043055555555555555
3 0.50859375 0.49722222222222223 0.0234375 0.05555555555555555
3 0.5109375 0.5354166666666667 0.025 0.05
3 0.438671875 0.65 0.0265625 0.06111111111111111
3 0.501953125 0.4791666666666667 0.0203125 0.04861111111111111
3 0.5 0.40555555555555556 0.015625 0.03194444444444444
3 0.469921875 0.3958333333333333 0.0171875 0.030555555555555555
3 0.396484375 0.3861111111111111 0.01796875 0.029166666666666667
3 0.3921875 0.43194444444444446 0.02109375 0.03333333333333333
3 0.357421875 0.42083333333333334 0.0203125 0.03611111111111111
3 0.371484375 0.4965277777777778 0.02265625 0.05138888888888889
3 0.3609375 0.47152777777777777 0.01875 0.043055555555555555
3 0.370703125 0.5423611111111111 0.02109375 0.04027777777777778
0 0.452734375 0.46319444444444446 0.05625 0.11527777777777778
0 0.555859375 0.3611111111111111 0.03828125 0.06527777777777778
0 0.511328125 0.35347222222222224 0.0328125 0.05694444444444444
3 0.440625 0.30486111111111114 0.02578125 0.04583333333333333
3 0.559765625 0.375 0.0171875 0.03888888888888889
3 0.494140625 0.30416666666666664 0.0109375 0.020833333333333332
3 0.48203125 0.3138888888888889 0.01484375 0.02638888888888889
3 0.417578125 0.2881944444444444 0.0125 0.02361111111111111
3 0.407421875 0.30972222222222223 0.0109375 0.020833333333333332
3 0.387109375 0.32013888888888886 0.0140625 0.025
3 0.429296875 0.3173611111111111 0.0109375 0.022222222222222223
3 0.4546875 0.3159722222222222 0.0140625 0.025
2 0.492578125 0.31805555555555554 0.0140625 0.02361111111111111
2 0.4828125 0.3298611111111111 0.0109375 0.02361111111111111
2 0.4546875 0.33402777777777776 0.01171875 0.02638888888888889
2 0.41796875 0.3013888888888889 0.0109375 0.02638888888888889
2 0.407421875 0.32569444444444445 0.01484375 0.029166666666666667
2 0.387890625 0.33819444444444446 0.0140625 0.027777777777777776
2 0.4296875 0.3333333333333333 0.0125 0.027777777777777776
2 0.499609375 0.43472222222222223 0.0203125 0.04861111111111111
2 0.4703125 0.4215277777777778 0.015625 0.0375
2 0.394921875 0.4076388888888889 0.01953125 0.0375
2 0.391796875 0.46458333333333335 0.02265625 0.058333333333333334
2 0.355859375 0.45208333333333334 0.02109375 0.04722222222222222
2 0.35546875 0.5138888888888888 0.01953125 0.058333333333333334
2 0.475390625 0.7361111111111112 0.03359375 0.08055555555555556
2 0.590625 0.8229166666666666 0.04765625 0.125
2 0.53828125 0.93125 0.0484375 0.13194444444444445
2 0.617578125 0.9194444444444444 0.0484375 0.13333333333333333
2 0.471875 0.9027777777777778 0.04140625 0.12777777777777777
2 0.43046875 0.9479166666666666 0.046875 0.09305555555555556
2 0.408984375 0.8736111111111111 0.053125 0.1486111111111111
2 0.37578125 0.8013888888888889 0.03828125 0.10694444444444444
2 0.346875 0.7791666666666667 0.03046875 0.07083333333333333