0 0.321875 0.6145833333333334 0.12421875 0.16666666666666666
0 0.12890625 0.9194444444444444 0.2046875 0.16111111111111112
0 0.333984375 0.7756944444444445 0.171875 0.2611111111111111
0 0.488671875 0.8090277777777778 0.153125 0.28888888888888886
0 0.52890625 0.6222222222222222 0.1203125 0.2125
0 0.491015625 0.39375 0.06015625 0.09722222222222222
0 0.55234375 0.29930555555555555 0.03984375 0.07083333333333333
0 0.57265625 0.4486111111111111 0.06484375 0.11805555555555555
0 0.598046875 0.3854166666666667 0.0515625 0.10694444444444444
0 0.580859375 0.3284722222222222 0.0390625 0.06527777777777778
0 0.594921875 0.30486111111111114 0.0375 0.0763888888888889
0 0.63984375 0.47847222222222224 0.06796875 0.15138888888888888
0 0.643359375 0.40694444444444444 0.05234375 0.09027777777777778
1 0.716015625 0.5041666666666667 0.065625 0.1111111111111111
3 0.435546875 0.4013888888888889 0.02109375 0.04722222222222222
3 0.447265625 0.43125 0.02265625 0.05
3 0.46640625 0.3597222222222222 0.01796875 0.0375
3 0.528125 0.37430555555555556 0.01796875 0.04583333333333333
3 0.534375 0.3326388888888889 0.0171875 0.041666666666666664
3 0.51875 0.30416666666666664 0.0125 0.025
3 0.52109375 0.3229166666666667 0.01484375 0.03333333333333333
3 0.536328125 0.2798611111111111 0.0125 0.027777777777777776
3 0.196875 0.9666666666666667 0.0515625 0.06666666666666667
3 0.29453125 0.9430555555555555 0.0671875 0.11388888888888889
3 0.414453125 0.9368055555555556 0.05390625 0.12638888888888888
3 0.464453125 0.9361111111111111 0.05859375 0.12777777777777777
3 0.514453125 0.9458333333333333 0.06328125 0.10833333333333334
3 0.562109375 0.8576388888888888 0.0515625 0.10833333333333334
3 0.583984375 0.9388888888888889 0.05234375 0.1
3 0.609375 0.8173611111111111 0.0453125 0.10138888888888889
3 0.577734375 0.7659722222222223 0.04609375 0.10277777777777777
3 0.66171875 0.8451388888888889 0.05078125 0.11944444444444445
3 0.701953125 0.775 0.053125 0.11805555555555555
3 0.762890625 0.7791666666666667 0.053125 0.10833333333333334
3 0.81640625 0.7673611111111112 0.04609375 0.09722222222222222
3 0.71796875 0.8597222222222223 0.0484375 0.09722222222222222
3 0.61796875 0.6944444444444444 0.0484375 0.10416666666666667
3 0.595703125 0.5729166666666666 0.03984375 0.08055555555555556
3 0.546484375 0.49583333333333335 0.02734375 0.059722222222222225
3 0.58203125 0.6826388888888889 0.03359375 0.06944444444444445
3 0.658984375 0.7451388888888889 0.04609375 0.09166666666666666
3 0.562109375 0.3923611111111111 0.0171875 0.034722222222222224
3 0.632421875 0.3388888888888889 0.0171875 0.034722222222222224
3 0.640234375 0.29097222222222224 0.0125 0.02638888888888889
3 0.6296875 0.3076388888888889 0.01328125 0.025
3 0.627734375 0.275 0.01171875 0.029166666666666667
3 0.654296875 0.27847222222222223 0.0140625 0.027777777777777776
3 0.665234375 0.26805555555555555 0.0109375 0.020833333333333332
3 0.66953125 0.2965277777777778 0.0125 0.02361111111111111
3 0.662109375 0.34444444444444444 0.01328125 0.029166666666666667
3 0.68828125 0.3506944444444444 0.0171875 0.03611111111111111
3 0.705859375 0.37430555555555556 0.015625 0.03333333333333333
3 0.690234375 0.4152777777777778 0.0203125 0.043055555555555555
3 0.714453125 0.44305555555555554 0.01875 0.044444444444444446
3 0.675390625 0.36319444444444443 0.01484375 0.03333333333333333
3 0.63515625 0.5333333333333333 0.0375 0.05555555555555555
2 0.62890625 0.2923611111111111 0.01328125 0.02638888888888889
2 0.641796875 0.3104166666666667 0.01484375 0.0375
2 0.655859375 0.2986111111111111 0.01640625 0.03611111111111111
2 0.666015625 0.2861111111111111 0.01328125 0.027777777777777776
2 0.634375 0.3548611111111111 0.0203125 0.044444444444444446
2 0.66171875 0.36527777777777776 0.015625 0.034722222222222224
2 0.66953125 0.3145833333333333 0.015625 0.030555555555555555
2 0.6703125 0.3368055555555556 0.01484375 0.030555555555555555
2 0.69140625 0.3770833333333333 0.021875 0.044444444444444446
2 0.7078125 0.4048611111111111 0.01796875 0.043055555555555555
2 0.693359375 0.4465277777777778 0.0234375 0.05277777777777778
2 0.546484375 0.5229166666666667 0.02265625 0.04027777777777778
2 0.5578125 0.9326388888888889 0.04296875 0.1111111111111111
2 0.610546875 0.8958333333333334 0.05390625 0.12222222222222222
2 0.57421875 0.8041666666666667 0.0421875 0.08333333333333333
2 0.623046875 0.7513888888888889 0.046875 0.1
2 0.6609375 0.7930555555555555 0.0421875 0.08333333333333333
2 0.665234375 0.9027777777777778 0.0546875 0.13055555555555556
2 0.70390625 0.8340277777777778 0.05078125 0.10694444444444444
2 0.751953125 0.7361111111111112 0.0453125 0.0875
2 0.70234375 0.7291666666666666 0.0390625 0.08194444444444444
2 0.764453125 0.8583333333333333 0.05078125 0.13333333333333333
2 0.821875 0.8388888888888889 0.05078125 0.1388888888888889