0 0.176171875 0.775 0.2359375 0.35694444444444445
0 0.33515625 0.4875 0.13046875 0.18333333333333332
0 0.4546875 0.7604166666666666 0.1421875 0.3416666666666667
0 0.48671875 0.5381944444444444 0.11796875 0.23472222222222222
0 0.538671875 0.43819444444444444 0.0828125 0.175
0 0.45078125 0.2520833333333333 0.06640625 0.10277777777777777
0 0.5703125 0.3076388888888889 0.0703125 0.14444444444444443
0 0.64140625 0.3840277777777778 0.0859375 0.20972222222222223
0 0.52578125 0.17777777777777778 0.04921875 0.07777777777777778
0 0.682421875 0.1701388888888889 0.03671875 0.07083333333333333
2 0.55234375 0.8756944444444444 0.06484375 0.1736111111111111
2 0.6234375 0.8965277777777778 0.05703125 0.14305555555555555
3 0.5828125 0.5965277777777778 0.04296875 0.08472222222222223
2 0.6234375 0.7409722222222223 0.03828125 0.09166666666666666
2 0.660546875 0.71875 0.046875 0.125
2 0.691796875 0.325 0.021875 0.0625
2 0.68671875 0.27152777777777776 0.01953125 0.05277777777777778
3 0.71328125 0.3368055555555556 0.02578125 0.05555555555555555
3 0.178125 0.5270833333333333 0.03515625 0.07361111111111111
2 0.54140625 0.24861111111111112 0.021875 0.05416666666666667
2 0.5578125 0.2326388888888889 0.01796875 0.05138888888888889
3 0.56875 0.17708333333333334 0.0171875 0.034722222222222224
2 0.740234375 0.32083333333333336 0.03203125 0.07083333333333333
3 0.68828125 0.23333333333333334 0.01640625 0.043055555555555555
3 0.6953125 0.29097222222222224 0.01953125 0.03333333333333333
3 0.55546875 0.76875 0.0484375 0.1111111111111111
3 0.569921875 0.6868055555555556 0.05 0.09027777777777778
3 0.633203125 0.7944444444444444 0.04140625 0.08888888888888889
3 0.661328125 0.6423611111111112 0.0421875 0.08333333333333333
3 0.6234375 0.6715277777777777 0.03671875 0.0763888888888889
2 0.60390625 0.6354166666666666 0.02890625 0.12222222222222222