0 0.40175 0.5237361111111111 0.07023437500000003 0.09794444444444442
0 0.28726562499999997 0.7668194444444445 0.13101562499999994 0.1629166666666666
0 0.479 0.6192777777777778 0.07586718749999992 0.11591666666666672
0 0.575390625 0.5633611111111111 0.06760937499999997 0.10812500000000003
0 0.0423515625 0.9625555555555555 0.0595546875 0.07423611111111117
0 0.5124375 0.3421944444444444 0.029601562500000077 0.042944444444444424
3 0.4259609375 0.39119444444444446 0.016796875 0.04173611111111105
0 0.47014843749999996 0.40854166666666664 0.04903906249999999 0.08001388888888891
3 0.271484375 0.5560416666666667 0.024546874999999968 0.06340277777777775
3 0.4413984375 0.35774999999999996 0.015140625000000085 0.03238888888888892
3 0.47453124999999996 0.33384722222222224 0.013304687499999978 0.034916666666666644
3 0.48130468750000005 0.3480694444444445 0.012242187500000057 0.03579166666666664
3 0.504984375 0.4072361111111111 0.017585937499999992 0.04133333333333332
3 0.547015625 0.36641666666666667 0.01668749999999992 0.03772222222222222
3 0.6029765625 0.41080555555555553 0.01564843749999998 0.03420833333333333
3 0.6214765625 0.45208333333333334 0.01910937500000003 0.04219444444444444
3 0.496953125 0.4740833333333333 0.020374999999999942 0.04818055555555548
3 0.487296875 0.5364861111111111 0.025578125000000007 0.05229166666666663
3 0.3357265625 0.9099027777777777 0.037179687500000023 0.08998611111111106
3 0.3675703125 0.8264583333333333 0.033320312499999984 0.07929166666666655
3 0.4011875 0.7414027777777777 0.03098437500000002 0.061763888888888924
3 0.44510937500000003 0.8237916666666667 0.03401562499999997 0.09563888888888875
3 0.38840625000000006 0.9287916666666667 0.043007812500000006 0.10338888888888896
3 0.48928125 0.9289861111111111 0.051765624999999996 0.11101388888888898
3 0.52478125 0.7594861111111112 0.03490625000000005 0.06994444444444431
3 0.509875 0.8357361111111111 0.04215625000000003 0.08701388888888902
3 0.5463671875 0.8884305555555555 0.038734374999999946 0.09400000000000008
3 0.574328125 0.8043333333333333 0.04613281249999997 0.08741666666666674
3 0.607984375 0.9367222222222223 0.04093750000000007 0.08855555555555554
3 0.6638828125 0.5661944444444444 0.02567187499999992 0.05977777777777773
3 0.62309375 0.5946527777777777 0.026492187500000063 0.05670833333333339
3 0.55675 0.6602361111111111 0.022914062499999943 0.057541666666666595
3 0.552265625 0.617111111111111 0.02756249999999998 0.05663888888888885
0 0.53190625 0.29854166666666665 0.02469531249999992 0.034722222222222224
0 0.5495546874999999 0.27431944444444445 0.017343750000000036 0.03295833333333336
2 0.581828125 0.2729722222222222 0.0177734375 0.03229166666666667
2 0.3629375 0.8841944444444445 0.04553124999999998 0.10555555555555556
2 0.39340625000000007 0.8061805555555556 0.03714062500000002 0.11147222222222221
2 0.43911718750000006 0.9163055555555556 0.043289062500000065 0.13809722222222232
2 0.5075859375 0.9034583333333334 0.04053906250000008 0.0970555555555557
2 0.544921875 0.9576388888888889 0.04609375 0.08472222222222223
2 0.6076406249999999 0.8357361111111111 0.03839843750000007 0.12406944444444434
2 0.6399140625 0.8072638888888889 0.035531250000000014 0.07761111111111127
2 0.5724375 0.8948194444444444 0.04312500000000004 0.12766666666666676
2 0.5136796875 0.7380416666666666 0.031156250000000087 0.07426388888888892
2 0.6617890625 0.598625 0.030648437500000014 0.06711111111111118
2 0.6218828125 0.48554166666666665 0.023531249999999913 0.06340277777777775
2 0.6011640625 0.438875 0.020476562500000028 0.05490277777777774
2 0.49604687500000005 0.5104861111111111 0.023039062500000006 0.05188888888888891
2 0.50278125 0.4358611111111111 0.02114843749999995 0.05376388888888894
2 0.546171875 0.38916666666666666 0.01908593750000005 0.04422222222222227