4 0.640625 0.5194444444444445 0.1328125 0.23472222222222222
0 0.421875 0.3347222222222222 0.03046875 0.058333333333333334
0 0.405078125 0.2986111111111111 0.0203125 0.03611111111111111
3 0.699609375 0.8625 0.0578125 0.11805555555555555
3 0.626953125 0.7506944444444444 0.04453125 0.0875
3 0.51171875 0.8173611111111111 0.046875 0.09444444444444444
3 0.55078125 0.9180555555555555 0.0578125 0.12916666666666668
3 0.48359375 0.9034722222222222 0.04609375 0.09027777777777778
3 0.516796875 0.6326388888888889 0.03828125 0.0875
3 0.52265625 0.5256944444444445 0.025 0.04861111111111111
3 0.367578125 0.6409722222222223 0.03203125 0.06111111111111111
3 0.3578125 0.5201388888888889 0.0234375 0.043055555555555555
3 0.39921875 0.49166666666666664 0.0203125 0.0375
3 0.490234375 0.4701388888888889 0.02109375 0.04583333333333333
3 0.412109375 0.43472222222222223 0.01796875 0.034722222222222224
3 0.435546875 0.31180555555555556 0.009375 0.019444444444444445
3 0.458203125 0.2951388888888889 0.0078125 0.018055555555555554
3 0.485546875 0.32708333333333334 0.01171875 0.025
3 0.50234375 0.35555555555555557 0.01484375 0.029166666666666667
3 0.547265625 0.35347222222222224 0.015625 0.03888888888888889
3 0.492578125 0.32083333333333336 0.0125 0.027777777777777776
3 0.391796875 0.3326388888888889 0.0125 0.02361111111111111
2 0.39453125 0.3458333333333333 0.0125 0.025
2 0.437109375 0.3263888888888889 0.009375 0.025
2 0.413671875 0.4638888888888889 0.02109375 0.05416666666666667
2 0.4015625 0.5277777777777778 0.0265625 0.06805555555555555
2 0.3609375 0.55625 0.02890625 0.06805555555555555
2 0.493359375 0.5076388888888889 0.03125 0.06944444444444445
2 0.525390625 0.5625 0.0328125 0.08055555555555556
2 0.635546875 0.8319444444444445 0.05703125 0.15
2 0.51953125 0.88125 0.0578125 0.13194444444444445
2 0.490625 0.9569444444444445 0.053125 0.08611111111111111
2 0.159765625 0.6930555555555555 0.03046875 0.08055555555555556
3 0.158984375 0.6520833333333333 0.02578125 0.05138888888888889
3 0.5765625 0.3958333333333333 0.021875 0.04861111111111111
3 0.81640625 0.8729166666666667 0.059375 0.1