0 0.57109375 0.4875 0.06328125 0.12083333333333333
0 0.3328125 0.8118055555555556 0.16640625 0.25
0 0.581640625 0.3347222222222222 0.046875 0.07083333333333333
0 0.517578125 0.3611111111111111 0.05546875 0.07777777777777778
0 0.475 0.3645833333333333 0.0484375 0.06805555555555555
0 0.52734375 0.6041666666666666 0.11015625 0.14722222222222223
3 0.23828125 0.9673611111111111 0.065625 0.06527777777777778
3 0.416015625 0.9388888888888889 0.06796875 0.12222222222222222
3 0.4671875 0.9381944444444444 0.0609375 0.12361111111111112
3 0.522265625 0.9444444444444444 0.05546875 0.1111111111111111
3 0.5625 0.8583333333333333 0.04921875 0.10416666666666667
3 0.5890625 0.9319444444444445 0.0546875 0.10833333333333334
3 0.58046875 0.7583333333333333 0.04375 0.0875
3 0.61171875 0.8097222222222222 0.04765625 0.1
3 0.665234375 0.8305555555555556 0.05 0.10555555555555556
3 0.721875 0.8493055555555555 0.04453125 0.09305555555555556
3 0.768359375 0.7611111111111111 0.05 0.09305555555555556
3 0.70859375 0.7604166666666666 0.05390625 0.10833333333333334
3 0.622265625 0.6902777777777778 0.04453125 0.09305555555555556
3 0.66484375 0.7402777777777778 0.0453125 0.09722222222222222
3 0.583203125 0.6888888888888889 0.0359375 0.08194444444444444
3 0.597265625 0.5784722222222223 0.0421875 0.09166666666666666
3 0.636328125 0.5319444444444444 0.0328125 0.06944444444444445
3 0.27734375 0.6409722222222223 0.0453125 0.09027777777777778
3 0.38203125 0.4930555555555556 0.03515625 0.0625
3 0.318359375 0.5694444444444444 0.0296875 0.05694444444444444
3 0.384765625 0.5388888888888889 0.034375 0.06527777777777778
3 0.403125 0.44930555555555557 0.03359375 0.06111111111111111
3 0.420703125 0.5034722222222222 0.03046875 0.075
3 0.44296875 0.43333333333333335 0.028125 0.058333333333333334
3 0.479296875 0.36944444444444446 0.02265625 0.04583333333333333
3 0.490625 0.40069444444444446 0.0234375 0.04722222222222222
3 0.494140625 0.42916666666666664 0.025 0.05277777777777778
3 0.5203125 0.3770833333333333 0.021875 0.044444444444444446
0 0.5265625 0.3104166666666667 0.04140625 0.059722222222222225
0 0.49453125 0.8131944444444444 0.14140625 0.26944444444444443
0 0.641796875 0.47291666666666665 0.0703125 0.14722222222222223
0 0.644140625 0.3951388888888889 0.0578125 0.09027777777777778
0 0.592578125 0.3784722222222222 0.05390625 0.10416666666666667
0 0.630078125 0.2847222222222222 0.03515625 0.07083333333333333
0 0.5953125 0.3034722222222222 0.0359375 0.07361111111111111
0 0.5625 0.26458333333333334 0.03203125 0.05416666666666667
0 0.614453125 0.22430555555555556 0.025 0.043055555555555555
0 0.61171875 0.2611111111111111 0.02578125 0.04861111111111111
0 0.6328125 0.24791666666666667 0.02890625 0.05138888888888889
3 0.72890625 0.4444444444444444 0.02109375 0.04861111111111111
3 0.717578125 0.4076388888888889 0.025 0.043055555555555555
3 0.6953125 0.42083333333333334 0.0234375 0.044444444444444446
3 0.70078125 0.34375 0.02265625 0.0375
3 0.68203125 0.3597222222222222 0.02109375 0.041666666666666664
3 0.630078125 0.3472222222222222 0.0203125 0.04722222222222222
3 0.65 0.3388888888888889 0.02265625 0.044444444444444446
3 0.81171875 0.40694444444444444 0.01953125 0.043055555555555555
3 0.685546875 0.45555555555555555 0.02578125 0.04722222222222222
2 0.6859375 0.4965277777777778 0.0265625 0.06666666666666667
2 0.7171875 0.4354166666666667 0.02578125 0.05138888888888889
2 0.695703125 0.4465277777777778 0.02578125 0.04861111111111111
2 0.70390625 0.37430555555555556 0.021875 0.05
2 0.659375 0.3090277777777778 0.0171875 0.03194444444444444
2 0.65078125 0.35555555555555557 0.01875 0.034722222222222224
2 0.67109375 0.3277777777777778 0.01484375 0.03333333333333333
3 0.66875 0.30972222222222223 0.0171875 0.04027777777777778
3 0.694140625 0.3229166666666667 0.01640625 0.03333333333333333
2 0.6296875 0.36666666666666664 0.01796875 0.0375
3 0.6609375 0.2534722222222222 0.0125 0.022222222222222223
3 0.560546875 0.3972222222222222 0.0171875 0.03333333333333333
3 0.555078125 0.4222222222222222 0.0203125 0.03888888888888889
3 0.4375 0.5527777777777778 0.03125 0.07083333333333333
2 0.5609375 0.9326388888888889 0.046875 0.10972222222222222
2 0.612890625 0.8777777777777778 0.05 0.11666666666666667
2 0.578515625 0.8166666666666667 0.04765625 0.10555555555555556
2 0.623828125 0.74375 0.0421875 0.08611111111111111
2 0.665234375 0.78125 0.04296875 0.09166666666666666
2 0.6703125 0.9 0.0578125 0.12638888888888888
2 0.71953125 0.9076388888888889 0.046875 0.08333333333333333
2 0.7078125 0.8194444444444444 0.0453125 0.09861111111111111
2 0.771484375 0.8506944444444444 0.05 0.1361111111111111
2 0.75546875 0.7361111111111112 0.03984375 0.07916666666666666
3 0.55859375 0.36527777777777776 0.01484375 0.034722222222222224
3 0.7125 0.5055555555555555 0.06484375 0.12777777777777777