0 0.44140625 0.5458333333333333 0.0921875 0.1625
0 0.460546875 0.34444444444444444 0.04375 0.06527777777777778
3 0.830078125 0.8013888888888889 0.0546875 0.14305555555555555
0 0.439453125 0.2902777777777778 0.03046875 0.04722222222222222
0 0.491015625 0.7298611111111111 0.12421875 0.24444444444444444
1 0.321875 0.3375 0.0359375 0.08472222222222223
1 0.6671875 0.5958333333333333 0.08671875 0.17222222222222222
3 0.720703125 0.5958333333333333 0.03671875 0.07916666666666666
3 0.63984375 0.5048611111111111 0.02890625 0.059722222222222225
3 0.556640625 0.4111111111111111 0.02109375 0.05416666666666667
3 0.562109375 0.8284722222222223 0.04921875 0.10277777777777777
3 0.588671875 0.9298611111111111 0.04921875 0.1125
3 0.491796875 0.9430555555555555 0.05703125 0.11388888888888889
3 0.449609375 0.8569444444444444 0.0515625 0.09861111111111111
3 0.398046875 0.8145833333333333 0.04609375 0.09305555555555556
3 0.427734375 0.9486111111111111 0.03828125 0.08055555555555556
3 0.366015625 0.9451388888888889 0.0453125 0.07222222222222222
3 0.34765625 0.8430555555555556 0.0453125 0.08888888888888889
3 0.28125 0.7951388888888888 0.04375 0.08472222222222223
3 0.34453125 0.7520833333333333 0.040625 0.07916666666666666
3 0.348828125 0.475 0.028125 0.04722222222222222
3 0.358984375 0.3284722222222222 0.0125 0.03333333333333333
3 0.39765625 0.33125 0.015625 0.034722222222222224
3 0.37265625 0.3416666666666667 0.01484375 0.029166666666666667
3 0.362109375 0.2534722222222222 0.009375 0.015277777777777777
2 0.391015625 0.2902777777777778 0.01171875 0.029166666666666667
2 0.359765625 0.27152777777777776 0.0125 0.029166666666666667
2 0.35234375 0.26458333333333334 0.009375 0.022222222222222223
2 0.342578125 0.2604166666666667 0.0109375 0.025
2 0.39609375 0.36180555555555555 0.0171875 0.03611111111111111
2 0.370703125 0.37083333333333335 0.01796875 0.04583333333333333
2 0.35859375 0.3548611111111111 0.01484375 0.044444444444444446
2 0.346484375 0.51875 0.0296875 0.0763888888888889
2 0.377734375 0.7090277777777778 0.034375 0.10277777777777777
2 0.41328125 0.7402777777777778 0.04375 0.11527777777777778
2 0.228125 0.79375 0.04609375 0.1125
2 0.280859375 0.88125 0.05078125 0.12777777777777777
2 0.34453125 0.91875 0.04609375 0.11666666666666667
2 0.398046875 0.8930555555555556 0.05078125 0.1125
2 0.559375 0.9152777777777777 0.0453125 0.11527777777777778
2 0.449609375 0.9388888888888889 0.05 0.10972222222222222
2 0.347265625 0.8090277777777778 0.04375 0.08055555555555556