0 0.655078125 0.7527777777777778 0.1453125 0.20972222222222223
0 0.506640625 0.76875 0.11640625 0.21388888888888888
0 0.6484375 0.5645833333333333 0.1015625 0.13472222222222222
0 0.455859375 0.5701388888888889 0.0921875 0.15138888888888888
0 0.4234375 0.45555555555555555 0.0515625 0.09861111111111111
0 0.4515625 0.3375 0.040625 0.05555555555555555
0 0.51015625 0.4354166666666667 0.059375 0.09444444444444444
3 0.853125 0.7576388888888889 0.04609375 0.10138888888888889
0 0.395703125 0.3972222222222222 0.04140625 0.08055555555555556
0 0.40625 0.34652777777777777 0.03359375 0.05416666666666667
3 0.890625 0.8604166666666667 0.053125 0.1125
0 0.392578125 0.3215277777777778 0.03125 0.06527777777777778
3 0.723046875 0.5076388888888889 0.0234375 0.059722222222222225
3 0.49140625 0.33125 0.01953125 0.0375
3 0.548046875 0.3993055555555556 0.0203125 0.041666666666666664
3 0.57265625 0.4756944444444444 0.02421875 0.05
3 0.60703125 0.9243055555555556 0.0515625 0.11527777777777778
3 0.555078125 0.8868055555555555 0.0484375 0.1
3 0.510546875 0.9430555555555555 0.05390625 0.11388888888888889
3 0.462890625 0.8673611111111111 0.04921875 0.09444444444444444
3 0.41171875 0.8402777777777778 0.03984375 0.09027777777777778
3 0.437890625 0.7743055555555556 0.0375 0.07916666666666666
3 0.43125 0.7 0.034375 0.08055555555555556
3 0.392578125 0.7159722222222222 0.03828125 0.09166666666666666
3 0.355078125 0.7722222222222223 0.03984375 0.08472222222222223
3 0.313671875 0.8020833333333334 0.0421875 0.09166666666666666
3 0.359765625 0.8680555555555556 0.04296875 0.09444444444444444
3 0.30390625 0.8986111111111111 0.03828125 0.09583333333333334
3 0.444921875 0.9527777777777777 0.04765625 0.09027777777777778
3 0.384765625 0.9590277777777778 0.0359375 0.07083333333333333
3 0.420703125 0.6305555555555555 0.02734375 0.05138888888888889
3 0.391015625 0.5395833333333333 0.02734375 0.04861111111111111
3 0.363671875 0.5625 0.025 0.05555555555555555
3 0.344140625 0.5298611111111111 0.02578125 0.05138888888888889
3 0.094921875 0.6034722222222222 0.028125 0.05277777777777778
3 0.275390625 0.48680555555555555 0.0234375 0.04583333333333333
0 0.3421875 0.38263888888888886 0.03828125 0.075
0 0.351953125 0.4513888888888889 0.053125 0.11666666666666667
0 0.406640625 0.27361111111111114 0.03046875 0.05416666666666667
3 0.447265625 0.3819444444444444 0.01640625 0.03194444444444444
3 0.429296875 0.37430555555555556 0.015625 0.030555555555555555
3 0.330078125 0.3138888888888889 0.01328125 0.02638888888888889
3 0.296875 0.3715277777777778 0.0171875 0.03194444444444444
2 0.550390625 0.9534722222222223 0.04609375 0.09305555555555556
2 0.46875 0.9402777777777778 0.0484375 0.11805555555555555
2 0.4125 0.9069444444444444 0.04765625 0.10277777777777777
2 0.3609375 0.9319444444444445 0.04921875 0.12222222222222222
2 0.447265625 0.4013888888888889 0.01875 0.034722222222222224
2 0.429296875 0.39305555555555555 0.0203125 0.03888888888888889
2 0.33046875 0.3368055555555556 0.015625 0.034722222222222224
2 0.296875 0.4 0.01953125 0.04583333333333333
2 0.375390625 0.2902777777777778 0.01015625 0.02638888888888889
2 0.351171875 0.2951388888888889 0.01171875 0.029166666666666667
2 0.39140625 0.5888888888888889 0.02890625 0.08333333333333333
2 0.343359375 0.5680555555555555 0.02578125 0.04861111111111111
2 0.083203125 0.6479166666666667 0.0265625 0.0625
2 0.155859375 0.5069444444444444 0.025 0.06527777777777778
2 0.23203125 0.7902777777777777 0.03828125 0.10416666666666667
2 0.394921875 0.7701388888888889 0.03828125 0.09166666666666666
2 0.4421875 0.8263888888888888 0.0359375 0.08888888888888889
2 0.360546875 0.8236111111111111 0.04453125 0.07777777777777778
2 0.31484375 0.8708333333333333 0.04375 0.09444444444444444
2 0.30859375 0.9534722222222223 0.0453125 0.07361111111111111
1 0.2875 0.5569444444444445 0.0625 0.1125