0 0.4145390625 0.40888888888888886 0.08436718750000001 0.10626388888888888
0 0.2331484375 0.7342777777777777 0.18645312499999997 0.24526388888888886
3 0.1321953125 0.6577500000000001 0.05425781249999999 0.12259722222222227
3 0.352390625 0.6912916666666666 0.04407031249999997 0.09770833333333329
3 0.372234375 0.8120833333333334 0.04610156249999999 0.11566666666666663
3 0.44478125 0.7311527777777778 0.04696874999999991 0.09605555555555559
3 0.4518359375 0.6300694444444445 0.038351562499999936 0.08355555555555551
3 0.490109375 0.5134722222222222 0.03203906249999999 0.07672222222222223
3 0.48584375 0.3814583333333333 0.022640625000000015 0.05794444444444448
3 0.5042578125 0.26866666666666666 0.016468749999999942 0.03886111111111114
3 0.53675 0.2640694444444444 0.019210937499999935 0.03537500000000004
3 0.512828125 0.24594444444444447 0.015007812500000028 0.03106944444444445
3 0.5401875 0.20423611111111112 0.015179687500000049 0.032083333333333366
3 0.567890625 0.27281944444444445 0.015390625000000036 0.03690277777777777
3 0.6711484375000001 0.7973194444444445 0.04286718749999992 0.0808333333333334
3 0.708171875 0.8769583333333333 0.04543750000000006 0.09522222222222215
3 0.6825546874999999 0.680513888888889 0.033601562499999994 0.07994444444444437
3 0.6526875000000001 0.4674027777777777 0.03225781249999997 0.05529166666666659
3 0.678546875 0.409375 0.026875000000000072 0.052180555555555626
3 0.7188515625 0.42188888888888887 0.02469531249999992 0.060111111111111074
3 0.6436171875000001 0.2554722222222222 0.013874999999999993 0.03001388888888891
3 0.5758593750000001 0.25497222222222227 0.012234375000000065 0.032583333333333304
3 0.60490625 0.19241666666666665 0.012921874999999972 0.026291666666666675
4 0.556359375 0.2288888888888889 0.04413281250000001 0.06705555555555552
0 0.6640390625 0.1962361111111111 0.02680468749999996 0.04973611111111111
0 0.627328125 0.20540277777777777 0.028429687500000078 0.045819444444444454
0 0.6361171875 0.23084722222222223 0.03401562499999997 0.05873611111111114
0 0.6127421875 0.30497222222222226 0.047195312500000065 0.08654166666666667
0 0.5924453125 0.3597638888888888 0.05767187499999995 0.11181944444444443
0 0.6689609375 0.29691666666666666 0.04185937499999994 0.07691666666666666
0 0.668296875 0.3728194444444445 0.058242187499999966 0.11661111111111112
2 0.6443828125 0.27829166666666666 0.019796874999999936 0.04520833333333335
2 0.5647968750000001 0.30645833333333333 0.017249999999999942 0.04761111111111115
2 0.5774843749999999 0.2896388888888889 0.01414062499999993 0.048486111111111146
2 0.604 0.20844444444444446 0.013960937499999914 0.03465277777777776
2 0.6673515625 0.4690555555555556 0.026632812499999936 0.05426388888888896
2 0.71546875 0.4648888888888889 0.025851562499999935 0.06368055555555559
2 0.6325546875 0.6806111111111111 0.04184374999999996 0.12461111111111108
2 0.6618828125 0.8912777777777778 0.047843750000000004 0.1478333333333334
2 0.7076640624999999 0.9505555555555555 0.05293749999999999 0.09888888888888896
2 0.670984375 0.7371666666666666 0.03888281249999999 0.07611111111111105
2 0.471015625 0.6301944444444445 0.03303906249999997 0.10950000000000004
2 0.43560156250000004 0.8259027777777778 0.04535937499999996 0.13633333333333345
2 0.3578125 0.9243055555555556 0.0453125 0.15138888888888888
2 0.343703125 0.7700694444444445 0.04503124999999999 0.13305555555555548
2 0.440734375 0.6863472222222222 0.04353125000000002 0.10500000000000004
0 0.5997578125 0.4464027777777778 0.06692187500000006 0.1560416666666667
0 0.57296875 0.5568194444444445 0.08478906249999998 0.17722222222222225
0 0.5509140625 0.7980138888888889 0.13307812499999994 0.35381944444444446
2 0.8123671874999999 0.3365694444444445 0.01714062500000004 0.04590277777777779
3 0.8086640624999999 0.30956944444444445 0.012531249999999971 0.03819444444444445