3 0.0610859375 0.707736111111111 0.047132812499999996 0.11247222222222217
3 0.407609375 0.5923055555555555 0.030656250000000006 0.07616666666666672
0 0.6291796875 0.2727777777777778 0.020812500000000077 0.022277777777777806
3 0.1615625 0.7775694444444444 0.048484375 0.10598611111111103
3 0.2369453125 0.8048333333333334 0.04535937500000005 0.10711111111111096
3 0.3343828125 0.7492083333333333 0.04692187499999996 0.10262500000000006
3 0.3835234375 0.4839583333333333 0.027210937500000032 0.07855555555555564
3 0.410875 0.4075833333333333 0.021164062499999935 0.05308333333333337
3 0.43910937499999997 0.39305555555555555 0.018054687499999923 0.04433333333333327
3 0.461625 0.36816666666666664 0.017953125000000014 0.04486111111111109
3 0.5044531250000001 0.38583333333333336 0.014546874999999914 0.03737499999999996
3 0.5406171875 0.3705833333333333 0.016445312499999965 0.040041666666666684
3 0.516140625 0.36219444444444443 0.01685156249999995 0.03611111111111111
3 0.4961796875 0.3340138888888889 0.015445312499999985 0.03537500000000004
3 0.4935703125 0.36318055555555556 0.013843750000000021 0.03629166666666666
3 0.5246171875 0.3269722222222222 0.013945312499999928 0.03519444444444441
3 0.511625 0.3399027777777778 0.013843750000000021 0.034319444444444416
3 0.5368515625 0.31129166666666663 0.014945312500000085 0.03058333333333331
3 0.554359375 0.32422222222222224 0.011437500000000078 0.029694444444444437
3 0.38032812499999996 0.9250555555555555 0.04001562499999998 0.1240972222222221
3 0.427953125 0.9280555555555556 0.041703125000000084 0.11408333333333347
3 0.4824296875 0.9460277777777778 0.04696874999999991 0.10794444444444448
3 0.5308984375 0.8730972222222222 0.04246093749999993 0.09834722222222214
3 0.5481874999999999 0.9620555555555554 0.03794531249999995 0.07587500000000015
3 0.5829375 0.8340138888888889 0.03982812500000001 0.09231944444444448
3 0.63215625 0.8801111111111111 0.0443359375 0.09634722222222239
3 0.687859375 0.9123472222222222 0.04189062499999992 0.10672222222222211
3 0.556265625 0.7776111111111111 0.0345703125 0.08770833333333346
3 0.5676249999999999 0.711125 0.03137500000000006 0.07097222222222217
3 0.6037890625 0.7171388888888889 0.037195312499999925 0.06695833333333338
3 0.6419296875 0.7814444444444444 0.03757031249999994 0.08136111111111101
3 0.6814765625 0.8176944444444445 0.03813281249999996 0.08773611111111121
3 0.7392421875 0.8344027777777777 0.0443359375 0.08908333333333347
3 0.7893984374999998 0.8217083333333334 0.040953124999999965 0.09174999999999993
3 0.5936328125 0.5974722222222222 0.027156249999999993 0.05391666666666674
3 0.5803906249999999 0.6332361111111111 0.025117187500000072 0.058458333333333376
3 0.63003125 0.5722777777777778 0.023585937500000043 0.056013888888888946
3 0.662703125 0.5671388888888889 0.02681249999999995 0.06748611111111115
3 0.6856953125 0.5105555555555555 0.020875000000000022 0.050249999999999934
3 0.7409296875 0.5550694444444444 0.022398437500000055 0.0505694444444444
3 0.729984375 0.49545833333333333 0.019859375000000058 0.04179166666666671
3 0.5564609375 0.4431111111111111 0.01799218749999998 0.04025000000000002
3 0.5665625000000001 0.41851388888888885 0.01476562500000007 0.036305555555555535
3 0.57190625 0.39406944444444447 0.01628906249999993 0.030861111111111148
3 0.60359375 0.4395972222222222 0.01832812500000003 0.0466666666666667
3 0.6377109375 0.39279166666666665 0.01793750000000003 0.03347222222222225
3 0.661296875 0.4002361111111111 0.01442968750000002 0.03243055555555559
3 0.6791328125 0.3688055555555556 0.011257812500000065 0.025944444444444374
3 0.6810546875 0.33508333333333334 0.009781249999999986 0.021708333333333326
3 0.70809375 0.36933333333333335 0.013187500000000085 0.023847222222222166
3 0.6922421875 0.34956944444444443 0.00814843750000005 0.025416666666666643
3 0.759578125 0.35141666666666665 0.012148437499999965 0.025944444444444454
3 0.714390625 0.4159583333333333 0.014218750000000035 0.03177777777777777
3 0.6983125 0.3940972222222222 0.013187500000000085 0.03229166666666667
3 0.6872812500000001 0.414125 0.011554687499999971 0.03125
3 0.723578125 0.45443055555555556 0.014812500000000029 0.03284722222222219
3 0.696984375 0.4928888888888889 0.016445312499999965 0.03602777777777785
0 0.46587500000000004 0.795875 0.12696875 0.2552916666666666
0 0.5161015625 0.6400833333333333 0.10910937500000006 0.19870833333333324
0 0.5664687500000001 0.5043888888888889 0.0625078125 0.12872222222222215
0 0.6422343749999999 0.5115833333333333 0.06167187500000004 0.13815277777777782
0 0.65409375 0.4356527777777778 0.05357812499999994 0.08154166666666672
0 0.6038593750000001 0.40488888888888885 0.04800000000000004 0.09740277777777777
0 0.594375 0.3537777777777778 0.034601562499999974 0.0606527777777778
0 0.5678671875 0.3135833333333333 0.03181250000000002 0.05765277777777777
0 0.451640625 0.48876388888888894 0.08567187500000006 0.12524999999999992
0 0.29216406250000004 0.6287222222222222 0.13003906250000002 0.19381944444444454
0 0.6461015625 0.34494444444444444 0.034859374999999915 0.06830555555555552
0 0.66353125 0.31456944444444446 0.025796874999999986 0.059611111111111136
0 0.6108125 0.32929166666666665 0.028062500000000056 0.06676388888888887
0 0.631640625 0.31177777777777776 0.02544531249999995 0.055916666666666656
2 0.7643203125 0.3754444444444444 0.013882812499999985 0.04269444444444446
2 0.6773984375000001 0.388125 0.016554687500000043 0.038180555555555565
2 0.680390625 0.3494027777777778 0.01107812500000005 0.02591666666666666
2 0.6019375 0.4749861111111111 0.017703125000000063 0.06109722222222223
2 0.68225 0.5610972222222222 0.018843749999999916 0.0674583333333334
2 0.718828125 0.4931388888888889 0.014539062499999922 0.04393055555555555
2 0.7321875 0.5250694444444445 0.019882812500000034 0.03815277777777781
2 0.522921875 0.9484444444444444 0.03987499999999997 0.1023472222222223
2 0.5781171875 0.9094027777777778 0.04507812500000004 0.11054166666666655
2 0.550953125 0.836763888888889 0.03467187500000009 0.07623611111111125
2 0.60065625 0.7888194444444445 0.037757812499999946 0.09127777777777782
2 0.6378359375 0.8357361111111111 0.03428906250000008 0.0700694444444445
2 0.6302265625000001 0.9464166666666666 0.04411718750000002 0.10716666666666678
2 0.67559375 0.8874722222222222 0.04122656249999999 0.10230555555555566
2 0.684375 0.9618055555555556 0.0484375 0.0763888888888889
2 0.735890625 0.9234444444444444 0.037757812499999946 0.13040277777777792
2 0.7887734375 0.9056249999999999 0.04449999999999994 0.1358749999999999
2 0.733484375 0.8079861111111111 0.04026562499999997 0.08854166666666667
2 0.9757265625 0.6733194444444445 0.02581249999999997 0.0645416666666667
3 0.897421875 0.6525416666666667 0.03178906250000004 0.05711111111111112
3 0.9704296875 0.6309583333333334 0.025234375000000142 0.0468194444444445
2 0.714265625 0.4403472222222222 0.01626562499999995 0.034819444444444514
2 0.699484375 0.41944444444444445 0.014320312499999942 0.031208333333333373
2 0.710734375 0.3975277777777778 0.011046875000000077 0.029916666666666616