0 0.4703125 0.6173611111111111 0.078125 0.12916666666666668
3 0.3125 0.5076388888888889 0.03515625 0.07916666666666666
3 0.2390625 0.7506944444444444 0.0640625 0.15555555555555556
3 0.0578125 0.6805555555555556 0.059375 0.11527777777777778
3 0.339453125 0.5472222222222223 0.04375 0.08333333333333333
3 0.309765625 0.8736111111111111 0.04765625 0.10555555555555556
3 0.363671875 0.9097222222222222 0.053125 0.12361111111111112
3 0.3453125 0.8027777777777778 0.046875 0.09444444444444444
3 0.380859375 0.7208333333333333 0.03359375 0.08333333333333333
3 0.42421875 0.8097222222222222 0.04921875 0.12083333333333333
3 0.484375 0.8333333333333334 0.0515625 0.10555555555555556
3 0.458984375 0.9180555555555555 0.05078125 0.11666666666666667
3 0.5203125 0.9006944444444445 0.0484375 0.10694444444444444
3 0.50703125 0.7666666666666667 0.0359375 0.08333333333333333
3 0.5515625 0.8215277777777777 0.0515625 0.10694444444444444
3 0.646875 0.8597222222222223 0.040625 0.10416666666666667
3 0.623046875 0.5972222222222222 0.03359375 0.06388888888888888
3 0.543359375 0.6333333333333333 0.02890625 0.05555555555555555
3 0.60546875 0.37569444444444444 0.0140625 0.027777777777777776
3 0.595703125 0.3388888888888889 0.01015625 0.020833333333333332
3 0.590234375 0.3159722222222222 0.01015625 0.020833333333333332
3 0.62578125 0.42916666666666664 0.01640625 0.034722222222222224
3 0.54296875 0.36944444444444446 0.0140625 0.029166666666666667
3 0.57109375 0.32569444444444445 0.0109375 0.02361111111111111
3 0.441796875 0.3701388888888889 0.01875 0.03888888888888889
3 0.605859375 0.30277777777777776 0.009375 0.018055555555555554
3 0.58984375 0.2902777777777778 0.009375 0.022222222222222223
2 0.338671875 0.8520833333333333 0.0484375 0.09444444444444444
2 0.409375 0.9006944444444445 0.0546875 0.1361111111111111
2 0.373046875 0.7847222222222222 0.05390625 0.1388888888888889
2 0.51484375 0.9548611111111112 0.0515625 0.09027777777777778
2 0.48046875 0.8965277777777778 0.04375 0.09722222222222222
2 0.5859375 0.8534722222222222 0.0484375 0.12916666666666668
2 0.54375 0.9013888888888889 0.05703125 0.14444444444444443
2 0.633203125 0.9298611111111111 0.04609375 0.125
2 0.61875 0.8347222222222223 0.04140625 0.10833333333333334
2 0.496875 0.7486111111111111 0.0328125 0.08611111111111111
2 0.622265625 0.6263888888888889 0.0359375 0.07083333333333333
2 0.62421875 0.4548611111111111 0.01796875 0.05
2 0.603515625 0.39861111111111114 0.015625 0.03611111111111111
2 0.5421875 0.3888888888888889 0.0171875 0.041666666666666664
2 0.59375 0.3548611111111111 0.0140625 0.03194444444444444
2 0.569140625 0.34305555555555556 0.0125 0.025
2 0.587890625 0.32916666666666666 0.0109375 0.022222222222222223
2 0.603125 0.33611111111111114 0.01171875 0.02361111111111111