0 0.47265625 0.61875 0.07578125 0.125
3 0.3125 0.5194444444444445 0.034375 0.07777777777777778
3 0.244140625 0.7666666666666667 0.06171875 0.15138888888888888
3 0.06171875 0.7076388888888889 0.0578125 0.1125
3 0.340234375 0.5569444444444445 0.0421875 0.08194444444444444
3 0.3171875 0.8854166666666666 0.04609375 0.10277777777777777
3 0.371484375 0.9173611111111111 0.0515625 0.12083333333333333
3 0.351171875 0.8118055555555556 0.0453125 0.09166666666666666
3 0.38515625 0.7277777777777777 0.03203125 0.08194444444444444
3 0.430078125 0.8145833333333333 0.046875 0.11805555555555555
3 0.491015625 0.8347222222222223 0.04921875 0.10277777777777777
3 0.4671875 0.9201388888888888 0.04921875 0.11527777777777778
3 0.528125 0.8993055555555556 0.046875 0.10555555555555556
3 0.5125 0.7666666666666667 0.03515625 0.08194444444444444
3 0.558203125 0.81875 0.05 0.10416666666666667
3 0.65390625 0.85 0.0390625 0.10277777777777777
3 0.624609375 0.5895833333333333 0.0328125 0.0625
3 0.54609375 0.6305555555555555 0.028125 0.05416666666666667
3 0.603125 0.36944444444444446 0.0140625 0.02638888888888889
3 0.592578125 0.3333333333333333 0.01015625 0.020833333333333332
3 0.58671875 0.3104166666666667 0.01015625 0.019444444444444445
3 0.62421875 0.4215277777777778 0.015625 0.03333333333333333
3 0.540625 0.36736111111111114 0.01328125 0.029166666666666667
3 0.567578125 0.32083333333333336 0.01015625 0.02361111111111111
3 0.4390625 0.37430555555555556 0.01875 0.03888888888888889
3 0.601953125 0.2965277777777778 0.009375 0.016666666666666666
3 0.585546875 0.2847222222222222 0.00859375 0.020833333333333332
2 0.345703125 0.8618055555555556 0.046875 0.09166666666666666
2 0.4171875 0.9055555555555556 0.05234375 0.13472222222222222
2 0.37890625 0.7923611111111111 0.0515625 0.1361111111111111
2 0.52421875 0.9548611111111112 0.05 0.09027777777777778
2 0.48828125 0.8979166666666667 0.0421875 0.09444444444444444
2 0.59296875 0.8479166666666667 0.04609375 0.12777777777777777
2 0.5515625 0.8986111111111111 0.0546875 0.14166666666666666
2 0.641796875 0.9215277777777777 0.04375 0.12361111111111112
2 0.625390625 0.8270833333333333 0.03984375 0.10555555555555556
2 0.501953125 0.7486111111111111 0.03125 0.08472222222222223
2 0.624609375 0.61875 0.03515625 0.06944444444444445
2 0.623046875 0.44722222222222224 0.0171875 0.04861111111111111
2 0.601171875 0.3923611111111111 0.01484375 0.034722222222222224
2 0.53984375 0.38680555555555557 0.0171875 0.04027777777777778
2 0.591015625 0.34930555555555554 0.01328125 0.03194444444444444
2 0.566015625 0.3388888888888889 0.0125 0.025
2 0.584375 0.3236111111111111 0.0109375 0.022222222222222223
2 0.6 0.3298611111111111 0.0109375 0.022222222222222223