0 0.380078125 0.4173611111111111 0.06875 0.1388888888888889
0 0.401171875 0.21319444444444444 0.03046875 0.04583333333333333
0 0.432421875 0.5652777777777778 0.08984375 0.18472222222222223
3 0.807421875 0.6548611111111111 0.065625 0.1597222222222222
3 0.710546875 0.7520833333333333 0.0640625 0.1388888888888889
3 0.615234375 0.5895833333333333 0.04140625 0.09861111111111111
3 0.566796875 0.7194444444444444 0.053125 0.10416666666666667
3 0.558203125 0.6277777777777778 0.04375 0.09166666666666666
3 0.49296875 0.4888888888888889 0.0328125 0.07222222222222222
3 0.348046875 0.7361111111111112 0.04609375 0.10138888888888889
3 0.30390625 0.7256944444444444 0.046875 0.09583333333333334
3 0.373828125 0.9243055555555556 0.06171875 0.10833333333333334
3 0.311328125 0.9027777777777778 0.06171875 0.12083333333333333
3 0.5921875 0.2916666666666667 0.025 0.05277777777777778
3 0.581640625 0.3451388888888889 0.0296875 0.06805555555555555
3 0.42578125 0.20277777777777778 0.01328125 0.027777777777777776
3 0.421875 0.2902777777777778 0.01640625 0.030555555555555555
3 0.40703125 0.2798611111111111 0.0171875 0.03333333333333333
3 0.296484375 0.2847222222222222 0.01640625 0.03333333333333333
0 0.192578125 0.3326388888888889 0.046875 0.07916666666666666
2 0.116015625 0.4263888888888889 0.02109375 0.05
0 0.38203125 0.3236111111111111 0.05546875 0.09722222222222222
0 0.3578125 0.225 0.03515625 0.059722222222222225
0 0.342578125 0.20069444444444445 0.02734375 0.05694444444444444
0 0.477734375 0.8090277777777778 0.16328125 0.3819444444444444
2 0.72109375 0.8590277777777777 0.06640625 0.1597222222222222
2 0.618359375 0.6472222222222223 0.05234375 0.12222222222222222
2 0.5796875 0.7993055555555556 0.0625 0.15138888888888888
2 0.56875 0.6763888888888889 0.053125 0.10694444444444444
2 0.534375 0.6194444444444445 0.040625 0.1111111111111111
2 0.38125 0.7055555555555556 0.0453125 0.13194444444444445
2 0.361328125 0.8145833333333333 0.05625 0.12638888888888888
2 0.312109375 0.7916666666666666 0.0484375 0.11666666666666667
2 0.31875 0.9486111111111111 0.0640625 0.10277777777777777
2 0.496875 0.5284722222222222 0.0375 0.0625
2 0.380859375 0.96875 0.06484375 0.0625
2 0.42421875 0.32013888888888886 0.0234375 0.05555555555555555
2 0.408984375 0.30277777777777776 0.01953125 0.05138888888888889
2 0.3 0.30277777777777776 0.01796875 0.044444444444444446
2 0.316796875 0.20833333333333334 0.01171875 0.027777777777777776
2 0.35546875 0.19305555555555556 0.01171875 0.02361111111111111