0 0.4546875 0.5020833333333333 0.08125 0.11944444444444445
0 0.578125 0.4756944444444444 0.065625 0.11944444444444445
3 0.588671875 0.6354166666666666 0.03046875 0.05555555555555555
3 0.52109375 0.41041666666666665 0.01875 0.04861111111111111
3 0.54453125 0.31180555555555556 0.01328125 0.029166666666666667
3 0.47109375 0.3375 0.01484375 0.030555555555555555
3 0.380078125 0.9069444444444444 0.04921875 0.125
3 0.414453125 0.8229166666666666 0.0453125 0.1125
3 0.472265625 0.94375 0.046875 0.1111111111111111
3 0.519921875 0.8708333333333333 0.04453125 0.1
3 0.576171875 0.8395833333333333 0.04375 0.08611111111111111
3 0.53671875 0.9638888888888889 0.040625 0.07222222222222222
3 0.62734375 0.8861111111111111 0.04765625 0.09027777777777778
3 0.635546875 0.7930555555555555 0.04609375 0.09027777777777778
3 0.672265625 0.5305555555555556 0.02578125 0.05
3 0.715234375 0.5041666666666667 0.0265625 0.05416666666666667
3 0.71875 0.5701388888888889 0.02421875 0.05138888888888889
3 0.65078125 0.4125 0.01640625 0.03333333333333333
3 0.63515625 0.30277777777777776 0.01015625 0.022222222222222223
3 0.645703125 0.3173611111111111 0.0109375 0.020833333333333332
3 0.658203125 0.3076388888888889 0.01171875 0.020833333333333332
3 0.576953125 0.2777777777777778 0.0078125 0.016666666666666666
2 0.634765625 0.31875 0.0109375 0.027777777777777776
2 0.644921875 0.33541666666666664 0.0109375 0.030555555555555555
2 0.6578125 0.3284722222222222 0.01015625 0.03194444444444444
2 0.651171875 0.4444444444444444 0.02109375 0.05694444444444444
2 0.7125 0.5451388888888888 0.02109375 0.05
2 0.668359375 0.5729166666666666 0.0234375 0.058333333333333334
2 0.716015625 0.5965277777777778 0.028125 0.044444444444444446
2 0.612109375 0.7298611111111111 0.028125 0.10277777777777777
2 0.628125 0.8479166666666667 0.03671875 0.08194444444444444
2 0.569921875 0.9180555555555555 0.04296875 0.10972222222222222
2 0.5140625 0.9479166666666666 0.040625 0.10416666666666667
2 0.40703125 0.9013888888888889 0.034375 0.12083333333333333
2 0.621875 0.9520833333333333 0.046875 0.09583333333333334
1 0.678125 0.3458333333333333 0.028125 0.06805555555555555
0 0.637890625 0.27569444444444446 0.02265625 0.04027777777777778