0 0.6142265625000001 0.39566666666666667 0.06167968750000004 0.1284305555555556
0 0.5813984375000001 0.19615277777777776 0.028085937500000036 0.0404722222222222
0 0.5709531250000001 0.5525 0.08024218750000003 0.1705555555555555
3 0.203234375 0.7110138888888888 0.05725781249999999 0.1503194444444444
3 0.30558593749999996 0.7899861111111111 0.05703125 0.12943055555555563
3 0.39056250000000003 0.6105972222222222 0.03633593750000004 0.09204166666666665
3 0.446484375 0.7304166666666666 0.04741406250000004 0.0963472222222223
3 0.44964062499999996 0.6376805555555556 0.03890624999999996 0.08472222222222223
3 0.5063046875 0.4874583333333334 0.02874218749999997 0.06705555555555552
3 0.6648203125000001 0.7063194444444445 0.04096093750000005 0.09380555555555559
3 0.708125 0.6881666666666667 0.04215625000000003 0.08912500000000002
3 0.6503671875 0.898375 0.056062499999999994 0.09858333333333336
3 0.711171875 0.8654444444444445 0.05517187499999991 0.11175000000000004
3 0.3959765625 0.3100277777777778 0.0224609375 0.04938888888888889
3 0.40978125 0.36125 0.025999999999999978 0.06402777777777781
3 0.5561796875 0.19090277777777775 0.012156249999999957 0.025444444444444436
3 0.56521875 0.2771527777777778 0.014664062499999986 0.028638888888888894
3 0.579375 0.2637083333333333 0.015179687500000049 0.031374999999999965
3 0.6896328125 0.24780555555555553 0.014914062499999936 0.030236111111111085
0 0.796 0.2762222222222222 0.04300000000000006 0.07193055555555558
2 0.87746875 0.35561111111111116 0.018773437500000156 0.04701388888888892
0 0.6069765625 0.30266666666666664 0.05091406250000006 0.08797222222222219
0 0.6251171875 0.2000277777777778 0.03212499999999992 0.05349999999999999
0 0.6391328125 0.1733888888888889 0.02419531250000002 0.05218055555555555
0 0.5404375 0.8055972222222222 0.14313281250000004 0.3599305555555556
2 0.3013515625 0.8980972222222222 0.05767187499999995 0.14976388888888878
2 0.39079687500000004 0.66825 0.04567187500000003 0.11394444444444439
2 0.43839843749999996 0.8124722222222223 0.054132812499999974 0.1426805555555556
2 0.4421640625 0.6878472222222223 0.047812500000000036 0.09925000000000005
2 0.47282812500000004 0.6251249999999999 0.03471875000000004 0.10488888888888886
2 0.6300859375 0.6821944444444444 0.03774999999999995 0.1259305555555555
2 0.65625 0.7874166666666668 0.0498046875 0.11830555555555565
2 0.703953125 0.7552638888888888 0.042617187499999966 0.10912499999999992
2 0.707640625 0.9330416666666667 0.056421875000000024 0.13391666666666677
2 0.5046953125 0.5275555555555556 0.03435937500000001 0.0567638888888889
2 0.646484375 0.9590277777777778 0.06015625 0.08194444444444444
2 0.5646875 0.3072361111111111 0.020742187499999964 0.05243055555555556
2 0.5788046875 0.2871388888888889 0.016664062499999945 0.048902777777777746
2 0.687421875 0.26676388888888886 0.015281249999999958 0.041499999999999995
2 0.6649921875 0.17598611111111112 0.010554687499999993 0.025972222222222226
2 0.6256484375 0.16793055555555556 0.010171874999999986 0.022041666666666675