0 0.60546875 0.4513888888888889 0.0734375 0.12361111111111112
0 0.630859375 0.30486111111111114 0.05234375 0.09027777777777778
3 0.34921875 0.4326388888888889 0.040625 0.09583333333333334
0 0.0921875 0.7708333333333334 0.184375 0.3194444444444444
3 0.3390625 0.6604166666666667 0.0484375 0.10972222222222222
3 0.416796875 0.45416666666666666 0.0375 0.07777777777777778
3 0.436328125 0.3402777777777778 0.02890625 0.06388888888888888
3 0.505859375 0.2590277777777778 0.02265625 0.04722222222222222
3 0.532421875 0.2875 0.02265625 0.04861111111111111
3 0.53984375 0.25555555555555554 0.01875 0.04722222222222222
3 0.551953125 0.2652777777777778 0.0203125 0.044444444444444446
3 0.580078125 0.29930555555555555 0.02421875 0.05138888888888889
3 0.594921875 0.2861111111111111 0.01875 0.041666666666666664
3 0.60234375 0.2520833333333333 0.01796875 0.04583333333333333
3 0.683984375 0.3263888888888889 0.02265625 0.04722222222222222
3 0.679296875 0.2388888888888889 0.0140625 0.03194444444444444
3 0.719140625 0.36736111111111114 0.0203125 0.04027777777777778
0 0.63671875 0.2590277777777778 0.04140625 0.059722222222222225
0 0.60078125 0.3840277777777778 0.06796875 0.13194444444444445
0 0.808203125 0.3451388888888889 0.05 0.08333333333333333
2 0.88203125 0.4375 0.021875 0.059722222222222225
2 0.3234375 0.7263888888888889 0.0515625 0.14444444444444443
2 0.41328125 0.8048611111111111 0.06484375 0.15138888888888888
2 0.2734375 0.9194444444444444 0.04453125 0.07777777777777778
2 0.4296875 0.6722222222222223 0.0515625 0.10833333333333334
2 0.46484375 0.6173611111111111 0.03515625 0.1
3 0.428515625 0.7215277777777778 0.05703125 0.10833333333333334
3 0.291796875 0.8652777777777778 0.05078125 0.10277777777777777
3 0.44296875 0.6243055555555556 0.0484375 0.09444444444444444
3 0.488671875 0.5180555555555556 0.03671875 0.07083333333333333
2 0.6171875 0.7090277777777778 0.05234375 0.1361111111111111
2 0.655859375 0.8625 0.0578125 0.14305555555555555
3 0.68359375 0.9069444444444444 0.06015625 0.12638888888888888
3 0.669921875 0.7847222222222222 0.04609375 0.09583333333333334
0 0.53671875 0.8027777777777778 0.1578125 0.375
0 0.56796875 0.56875 0.09609375 0.1875
2 0.715625 0.4041666666666667 0.0234375 0.05694444444444444
2 0.5765625 0.32222222222222224 0.02265625 0.05555555555555555
2 0.591796875 0.30694444444444446 0.0203125 0.04722222222222222
2 0.600390625 0.27291666666666664 0.0203125 0.044444444444444446
2 0.67734375 0.25625 0.01484375 0.03194444444444444
2 0.680859375 0.35833333333333334 0.0234375 0.06111111111111111