0 0.54153125 0.24744444444444444 0.03982812500000001 0.060847222222222226
0 0.7941640624999999 0.28043055555555557 0.0435546875 0.06223611111111112
0 0.5893359375 0.19040277777777778 0.033531250000000054 0.044416666666666674
3 0.3982109374999999 0.34354166666666663 0.027906249999999976 0.0683472222222222
3 0.4673359375 0.35208333333333336 0.019421874999999922 0.05106944444444442
3 0.47121874999999996 0.29290277777777773 0.022867187499999986 0.048208333333333304
3 0.474734375 0.3215 0.019062500000000072 0.04379166666666671
3 0.3508984375 0.7039583333333334 0.042085937500000004 0.09648611111111115
3 0.3726328125 0.8240555555555557 0.05234375 0.11011111111111108
3 0.4437109375 0.7402777777777778 0.046523437499999966 0.10369444444444448
3 0.4517109375 0.6302083333333334 0.034375 0.08629166666666666
3 0.49153125 0.5132777777777778 0.03172656249999992 0.057763888888888934
3 0.6676953125 0.800375 0.039101562499999964 0.0917083333333333
3 0.706859375 0.8812222222222222 0.04724218750000002 0.10968055555555559
3 0.7369921875000001 0.7573194444444444 0.044062500000000074 0.09797222222222217
3 0.6790468749999999 0.6816388888888889 0.04367187500000007 0.08393055555555556
3 0.6496171875 0.4668333333333333 0.025234374999999965 0.06881944444444438
3 0.6669765625 0.43506944444444445 0.028195312499999937 0.055347222222222256
3 0.6778046875 0.4131527777777778 0.02257812500000007 0.05641666666666667
3 0.71690625 0.3911527777777778 0.02698437499999997 0.054777777777777856
3 0.71409375 0.36227777777777775 0.021374999999999922 0.04836111111111114
3 0.7139375 0.3026388888888889 0.02009375000000002 0.05070833333333332
2 0.8758359375 0.35301388888888885 0.0178593750000001 0.04265277777777775
2 0.5640078125 0.3060277777777778 0.016296874999999923 0.046083333333333344
2 0.5777187500000001 0.29233333333333333 0.0169921875 0.04288888888888888
2 0.644234375 0.2809027777777778 0.017320312500000056 0.041694444444444416
2 0.6685625 0.2047638888888889 0.013468750000000007 0.032791666666666684
2 0.5901015625 0.22797222222222221 0.013132812499999957 0.03061111111111114
2 0.3425078125 0.767375 0.047968749999999984 0.11037500000000004
2 0.35943749999999997 0.9269166666666666 0.05564062500000002 0.1461527777777778
2 0.43757812500000004 0.8219861111111112 0.05283593749999991 0.13438888888888886
2 0.4414140625 0.6909166666666666 0.04425781250000007 0.1091666666666667
2 0.469515625 0.6255833333333334 0.03950781249999995 0.1114166666666667
2 0.6318046875000001 0.6755138888888889 0.03903906250000002 0.11591666666666672
2 0.6721015625 0.7437777777777778 0.03428906250000008 0.09497222222222229
2 0.7328828125 0.8393333333333334 0.04453125 0.12861111111111098
2 0.703125 0.9479166666666666 0.0578125 0.10416666666666667
2 0.6642187500000001 0.8933888888888889 0.05185156249999991 0.14570833333333344
2 0.6674375 0.4732083333333333 0.024265624999999957 0.060138888888888825
2 0.715140625 0.42319444444444443 0.0302734375 0.07313888888888885
2 0.713390625 0.3237361111111111 0.02048437500000002 0.04322222222222223
3 0.5661328125 0.27566666666666667 0.016750000000000043 0.027958333333333328
3 0.579421875 0.25630555555555556 0.01470312499999995 0.02630555555555555
3 0.590171875 0.20915277777777777 0.014546874999999914 0.022874999999999958
3 0.668546875 0.18954166666666666 0.011804687499999921 0.019277777777777772
3 0.647078125 0.1503611111111111 0.009765625 0.020888888888888877
3 0.6826953125 0.22926388888888888 0.013484374999999993 0.026263888888888923
3 0.643515625 0.2524861111111111 0.015539062500000079 0.02990277777777782
0 0.557296875 0.7981388888888888 0.14831249999999993 0.35920833333333324
0 0.5694296875 0.5518472222222222 0.08774999999999995 0.183
0 0.602796875 0.44727777777777783 0.06898437499999996 0.15801388888888887
0 0.6655 0.3740833333333333 0.05325781250000006 0.12038888888888886
0 0.5906953125000001 0.36566666666666664 0.05844531249999996 0.11661111111111112
0 0.61121875 0.3108055555555556 0.04181249999999999 0.09672222222222224
0 0.6157890625 0.2569166666666666 0.03749218750000001 0.048388888888888856
0 0.6788671875000001 0.28019444444444447 0.03772656249999997 0.07643055555555552
0 0.6688828124999999 0.30445833333333333 0.04322656249999994 0.06995833333333334
0 0.63346875 0.2291527777777778 0.03377343750000002 0.03531944444444445
0 0.6179218750000001 0.21883333333333332 0.02482812499999998 0.04479166666666667
0 0.6284140625 0.18326388888888887 0.02410156249999993 0.0438888888888889
0 0.63628125 0.2018888888888889 0.024429687499999984 0.03406944444444441