0 0.518359375 0.31875 0.07109375 0.10555555555555556
0 0.664453125 0.625 0.14375 0.20972222222222223
0 0.401171875 0.42777777777777776 0.0796875 0.17222222222222222
3 0.58515625 0.33125 0.02890625 0.06944444444444445
3 0.74296875 0.5229166666666667 0.0421875 0.07916666666666666
3 0.6484375 0.4215277777777778 0.0296875 0.06666666666666667
3 0.546875 0.2548611111111111 0.02578125 0.05138888888888889
3 0.45078125 0.26458333333333334 0.02109375 0.044444444444444446
4 0.491796875 0.24375 0.04609375 0.07777777777777778
0 0.4453125 0.18680555555555556 0.0375 0.058333333333333334
0 0.423046875 0.14583333333333334 0.02734375 0.03888888888888889
0 0.387890625 0.15138888888888888 0.025 0.044444444444444446
0 0.403125 0.19791666666666666 0.028125 0.043055555555555555
0 0.386328125 0.20972222222222223 0.03203125 0.05555555555555555
0 0.387890625 0.175 0.0265625 0.034722222222222224
3 0.401171875 0.13819444444444445 0.0109375 0.022222222222222223
2 0.40078125 0.14930555555555555 0.0125 0.027777777777777776
0 0.401953125 0.23333333333333334 0.0375 0.05277777777777778
0 0.33828125 0.24375 0.04140625 0.08472222222222223
0 0.22421875 0.2152777777777778 0.0484375 0.075
0 0.345703125 0.26319444444444445 0.04609375 0.07916666666666666
0 0.403125 0.2847222222222222 0.05390625 0.1
0 0.416796875 0.3423611111111111 0.065625 0.11944444444444445
0 0.341796875 0.3368055555555556 0.0640625 0.11944444444444445
0 0.424609375 0.5388888888888889 0.09375 0.2013888888888889
0 0.425390625 0.7784722222222222 0.16171875 0.3902777777777778
3 0.3734375 0.2263888888888889 0.01875 0.030555555555555555
3 0.437109375 0.24861111111111112 0.015625 0.034722222222222224
3 0.35625 0.175 0.0140625 0.02361111111111111
3 0.3515625 0.14027777777777778 0.0109375 0.022222222222222223
3 0.343359375 0.1701388888888889 0.01015625 0.019444444444444445
3 0.344140625 0.19583333333333333 0.0125 0.02638888888888889
3 0.3375 0.18263888888888888 0.0125 0.02361111111111111
3 0.32890625 0.20347222222222222 0.0109375 0.02361111111111111
3 0.301953125 0.24444444444444444 0.0203125 0.0375
3 0.2890625 0.29791666666666666 0.021875 0.041666666666666664
3 0.326953125 0.37222222222222223 0.02265625 0.04722222222222222
3 0.337109375 0.4013888888888889 0.021875 0.044444444444444446
3 0.353125 0.4326388888888889 0.0265625 0.05277777777777778
2 0.333984375 0.43472222222222223 0.02734375 0.05277777777777778
2 0.324609375 0.40694444444444444 0.0234375 0.05694444444444444
2 0.2875 0.3375 0.02890625 0.06527777777777778
2 0.3 0.27291666666666664 0.021875 0.05
2 0.373046875 0.25069444444444444 0.01796875 0.043055555555555555
2 0.355078125 0.19305555555555556 0.01484375 0.034722222222222224
2 0.350390625 0.15763888888888888 0.0109375 0.02638888888888889
2 0.448046875 0.29305555555555557 0.02109375 0.05416666666666667
2 0.436328125 0.27847222222222223 0.01953125 0.04861111111111111
2 0.611328125 0.9298611111111111 0.06953125 0.14027777777777778
2 0.636328125 0.8013888888888889 0.05390625 0.12916666666666668
2 0.54140625 0.8333333333333334 0.07109375 0.16666666666666666
2 0.54453125 0.6965277777777777 0.059375 0.1125
2 0.518359375 0.6326388888888889 0.0421875 0.12083333333333333
2 0.359765625 0.6486111111111111 0.04765625 0.13055555555555556
2 0.310546875 0.8583333333333333 0.0609375 0.15138888888888888
2 0.307421875 0.6958333333333333 0.04609375 0.09722222222222222
2 0.265625 0.8944444444444445 0.0609375 0.125
3 0.63515625 0.7284722222222222 0.05234375 0.09583333333333334
3 0.60625 0.8513888888888889 0.0515625 0.10416666666666667
3 0.54375 0.7493055555555556 0.05390625 0.09861111111111111
3 0.542578125 0.6375 0.04765625 0.10416666666666667
3 0.51015625 0.5159722222222223 0.0421875 0.08333333333333333
3 0.30859375 0.6451388888888889 0.046875 0.10416666666666667
3 0.3140625 0.7597222222222222 0.05078125 0.11666666666666667
3 0.2453125 0.7805555555555556 0.00234375 0.008333333333333333