0 0.45540624999999996 0.22691666666666666 0.04564843750000005 0.058902777777777734
3 0.039718750000000004 0.7679861111111111 0.07086718749999998 0.1528749999999999
3 0.0998984375 0.6232916666666667 0.05525781250000002 0.13508333333333333
3 0.31363281249999997 0.3529305555555556 0.02419531250000002 0.06711111111111114
3 0.38704687500000007 0.3979583333333333 0.033984375000000046 0.0786388888888889
3 0.42047656250000004 0.3488333333333334 0.023406250000000028 0.05661111111111114
3 0.24937499999999999 0.4947777777777778 0.036195312500000035 0.0825694444444445
3 0.331703125 0.42380555555555555 0.03255468749999997 0.0739166666666667
2 0.382234375 0.5044861111111112 0.047890624999999964 0.13020833333333334
2 0.5531406249999999 0.8705277777777778 0.05515624999999993 0.1750694444444444
2 0.6337421875 0.8890555555555556 0.05200781249999995 0.15748611111111124
2 0.6857890624999999 0.8308472222222223 0.050406249999999986 0.1509027777777779
2 0.7566875 0.8101527777777777 0.04382031249999994 0.11120833333333324
3 0.569328125 0.6943194444444445 0.03657031249999996 0.1099444444444444
3 0.631234375 0.6781388888888888 0.037093750000000016 0.09805555555555551
2 0.5804140624999999 0.6588472222222223 0.03579687499999995 0.0911944444444444
2 0.6603749999999999 0.6978055555555555 0.03839843750000007 0.10723611111111109
2 0.7314609375 0.6592777777777777 0.038414062500000054 0.08726388888888895
0 0.2262734375 0.7488888888888889 0.20894531250000004 0.3214583333333334
0 0.4589140625 0.7656805555555555 0.13916406249999996 0.31073611111111116
0 0.48745312500000004 0.5290277777777778 0.10620312500000004 0.2212083333333333
0 0.44741406250000004 0.31554166666666666 0.08004687500000003 0.11816666666666668
3 0.3989453125 0.2564166666666667 0.023726562499999958 0.053722222222222234
2 0.589234375 0.3771388888888889 0.031625000000000014 0.10462500000000002
2 0.7043671875 0.40473611111111113 0.033914062500000064 0.10108333333333329
2 0.6284609375 0.22519444444444442 0.02583593749999995 0.07975000000000002
0 0.5380234374999999 0.41601388888888885 0.07248437499999998 0.15306944444444445
0 0.6377578125000001 0.38036111111111115 0.08083593750000002 0.21537499999999996
0 0.5668124999999999 0.30265277777777777 0.07203906250000003 0.13865277777777776
0 0.5801484375 0.23184722222222223 0.050718750000000055 0.08831944444444449
0 0.599515625 0.15509722222222222 0.032523437500000085 0.06575
0 0.5329843750000001 0.16377777777777777 0.044984374999999945 0.06941666666666665
0 0.673828125 0.16861111111111113 0.03570312500000004 0.06381944444444443
2 0.670921875 0.29305555555555557 0.027023437499999935 0.06849999999999999
2 0.5374218749999999 0.22855555555555557 0.020039062500000072 0.06929166666666665
2 0.49878125000000006 0.16041666666666668 0.018054687499999923 0.061124999999999985
0 0.562046875 0.11969444444444445 0.030335937499999945 0.0419027777777778
2 0.7136796875 0.3098472222222222 0.02616406250000001 0.08897222222222223
0 0.64834375 0.13933333333333334 0.026437499999999937 0.049416666666666643
0 0.6713046874999999 0.11370833333333334 0.02746093750000007 0.04519444444444443
0 0.6051562500000001 0.06570833333333334 0.019921875 0.03183333333333334
0 0.5768671875 0.097375 0.023593750000000035 0.04122222222222223
3 0.5836796875 0.5923333333333334 0.032140625000000075 0.07612499999999993
3 0.557078125 0.7731944444444445 0.04499999999999993 0.11298611111111098
2 0.6057187500000001 0.6136805555555556 0.031007812500000044 0.11406944444444443
2 0.6425859375 0.62525 0.028953124999999958 0.0856111111111111
3 0.6638046875 0.629625 0.030210937500000055 0.08004166666666666
3 0.639640625 0.794375 0.04116406250000004 0.11541666666666654
3 0.6936796875 0.7337499999999999 0.041359375000000045 0.09906944444444442
3 0.7569921875000001 0.7297499999999999 0.042726562500000044 0.08988888888888892
3 0.730265625 0.6056666666666667 0.025578125000000007 0.06312500000000007