0 0.555078125 0.23333333333333334 0.04765625 0.06388888888888888
3 0.948828125 0.8243055555555555 0.0765625 0.16111111111111112
3 0.894140625 0.6729166666666667 0.06015625 0.14166666666666666
3 0.691796875 0.3763888888888889 0.0265625 0.06944444444444445
3 0.616796875 0.4125 0.03671875 0.08333333333333333
3 0.58515625 0.3590277777777778 0.02578125 0.059722222222222225
3 0.750390625 0.5256944444444445 0.0390625 0.0875
3 0.670703125 0.44513888888888886 0.03515625 0.07777777777777778
2 0.6171875 0.51875 0.053125 0.1361111111111111
2 0.432421875 0.8631944444444445 0.06171875 0.18194444444444444
2 0.351171875 0.8715277777777778 0.0578125 0.1638888888888889
2 0.3015625 0.8069444444444445 0.05625 0.15694444444444444
2 0.231640625 0.7777777777777778 0.0484375 0.11666666666666667
3 0.423046875 0.6854166666666667 0.040625 0.11388888888888889
3 0.362109375 0.6611111111111111 0.040625 0.10277777777777777
2 0.413671875 0.6486111111111111 0.0390625 0.09583333333333334
2 0.332421875 0.6777777777777778 0.0421875 0.1111111111111111
2 0.262890625 0.6298611111111111 0.04140625 0.09166666666666666
0 0.76328125 0.7819444444444444 0.22109375 0.3472222222222222
0 0.53046875 0.7701388888888889 0.15078125 0.3277777777777778
0 0.511328125 0.5305555555555556 0.11484375 0.23333333333333334
0 0.559765625 0.32222222222222224 0.084375 0.12777777777777777
3 0.610546875 0.26944444444444443 0.02578125 0.05694444444444444
2 0.415625 0.36666666666666664 0.0359375 0.10833333333333334
2 0.3 0.3798611111111111 0.0375 0.10555555555555556
2 0.3828125 0.20972222222222223 0.02890625 0.08333333333333333
0 0.465234375 0.41180555555555554 0.078125 0.16111111111111112
0 0.3671875 0.3638888888888889 0.0890625 0.225
0 0.441015625 0.2951388888888889 0.07734375 0.14722222222222223
0 0.43046875 0.2222222222222222 0.05390625 0.09444444444444444
0 0.414453125 0.14375 0.03515625 0.06944444444444445
0 0.48046875 0.16041666666666668 0.04765625 0.075
0 0.339453125 0.14791666666666667 0.03828125 0.06805555555555555
2 0.3375 0.2722222222222222 0.0296875 0.07222222222222222
2 0.4734375 0.22430555555555556 0.02265625 0.07222222222222222
2 0.514453125 0.16111111111111112 0.0203125 0.06388888888888888
0 0.453125 0.11319444444444444 0.03203125 0.04583333333333333
2 0.294140625 0.28402777777777777 0.0296875 0.09166666666666666
0 0.366015625 0.12152777777777778 0.028125 0.05277777777777778
0 0.344140625 0.09375 0.02890625 0.04861111111111111
0 0.412109375 0.05347222222222222 0.02109375 0.034722222222222224
0 0.4390625 0.08888888888888889 0.025 0.044444444444444446
3 0.412890625 0.5819444444444445 0.03515625 0.08055555555555556
3 0.432421875 0.7652777777777777 0.04921875 0.11805555555555555
2 0.390234375 0.6 0.03515625 0.11805555555555555
2 0.352734375 0.6069444444444444 0.03203125 0.08888888888888889
3 0.331640625 0.6090277777777777 0.03359375 0.08333333333333333
3 0.34921875 0.7763888888888889 0.0453125 0.12083333333333333
3 0.29765625 0.7090277777777778 0.0453125 0.10416666666666667
3 0.234765625 0.6972222222222222 0.04609375 0.09444444444444444
3 0.266015625 0.5770833333333333 0.028125 0.06666666666666667