0 0.748046875 0.6659722222222222 0.17578125 0.23194444444444445
0 0.5234375 0.35625 0.0703125 0.10138888888888889
0 0.406640625 0.20069444444444445 0.03125 0.044444444444444446
0 0.39609375 0.43680555555555556 0.07109375 0.11805555555555555
3 0.346875 0.4826388888888889 0.0265625 0.043055555555555555
3 0.1421875 0.46597222222222223 0.02109375 0.06944444444444445
3 0.559765625 0.3090277777777778 0.02421875 0.06111111111111111
3 0.61953125 0.3840277777777778 0.0265625 0.06805555555555555
3 0.65625 0.68125 0.04296875 0.09305555555555556
3 0.642578125 0.8152777777777778 0.0515625 0.10555555555555556
3 0.5625 0.73125 0.05 0.09861111111111111
3 0.55390625 0.6263888888888889 0.0421875 0.08472222222222223
3 0.50859375 0.5131944444444444 0.03515625 0.06805555555555555
3 0.321875 0.7770833333333333 0.04296875 0.0875
3 0.299609375 0.8798611111111111 0.05390625 0.11527777777777778
3 0.32890625 0.4513888888888889 0.02734375 0.05555555555555555
3 0.427734375 0.2861111111111111 0.01875 0.03888888888888889
3 0.452734375 0.22430555555555556 0.01640625 0.030555555555555555
3 0.4140625 0.275 0.015625 0.030555555555555555
0 0.39140625 0.1736111111111111 0.0265625 0.03888888888888889
3 0.33203125 0.19583333333333333 0.01328125 0.025
2 0.33359375 0.2076388888888889 0.0140625 0.029166666666666667
0 0.378125 0.2652777777777778 0.0390625 0.04722222222222222
0 0.381640625 0.31666666666666665 0.0484375 0.0875
0 0.40234375 0.37083333333333335 0.06015625 0.12083333333333333
2 0.42890625 0.3138888888888889 0.01875 0.04583333333333333
2 0.416796875 0.29791666666666666 0.0171875 0.041666666666666664
2 0.33046875 0.4847222222222222 0.0265625 0.05555555555555555
2 0.1203125 0.3951388888888889 0.021875 0.05
2 0.374609375 0.6902777777777778 0.04609375 0.12083333333333333
2 0.57578125 0.8111111111111111 0.05390625 0.14722222222222223
2 0.649609375 0.9083333333333333 0.0625 0.16111111111111112
2 0.665234375 0.7569444444444444 0.04765625 0.12222222222222222
2 0.56484375 0.68125 0.046875 0.1125
2 0.531640625 0.6277777777777778 0.03359375 0.10694444444444444
2 0.330859375 0.8576388888888888 0.05390625 0.15
0 0.452734375 0.8027777777777778 0.153125 0.3736111111111111
0 0.42890625 0.5631944444444444 0.10078125 0.20416666666666666