0 0.570703125 0.4791666666666667 0.06328125 0.1
0 0.52109375 0.6215277777777778 0.07265625 0.11805555555555555
0 0.421875 0.5604166666666667 0.0703125 0.11666666666666667
3 0.608984375 0.44305555555555554 0.021875 0.05555555555555555
0 0.437109375 0.3763888888888889 0.034375 0.05555555555555555
3 0.77890625 0.6305555555555555 0.03515625 0.06666666666666667
0 0.528125 0.39375 0.03984375 0.0625
3 0.878125 0.8993055555555556 0.05234375 0.12361111111111112
3 0.65546875 0.9222222222222223 0.0421875 0.09722222222222222
3 0.605078125 0.9340277777777778 0.0484375 0.10694444444444444
3 0.626171875 0.8305555555555556 0.03359375 0.07222222222222222
3 0.596484375 0.7388888888888889 0.03359375 0.07083333333333333
3 0.548046875 0.8215277777777777 0.0390625 0.09861111111111111
3 0.50625 0.91875 0.05078125 0.11527777777777778
3 0.4859375 0.83125 0.03671875 0.08194444444444444
3 0.46953125 0.7569444444444444 0.028125 0.06388888888888888
3 0.41953125 0.7979166666666667 0.03671875 0.0875
3 0.365234375 0.8409722222222222 0.03515625 0.08055555555555556
3 0.3828125 0.9236111111111112 0.04453125 0.09722222222222222
3 0.44375 0.8840277777777777 0.0359375 0.09444444444444444
3 0.6046875 0.41805555555555557 0.0203125 0.041666666666666664
3 0.508203125 0.4965277777777778 0.021875 0.05277777777777778
3 0.512109375 0.5340277777777778 0.0234375 0.04722222222222222
3 0.44296875 0.6555555555555556 0.025 0.059722222222222225
3 0.5015625 0.4791666666666667 0.01953125 0.04722222222222222
3 0.497265625 0.40555555555555556 0.01484375 0.030555555555555555
3 0.466796875 0.3993055555555556 0.01640625 0.029166666666666667
3 0.39296875 0.3958333333333333 0.0171875 0.027777777777777776
3 0.390234375 0.44166666666666665 0.0203125 0.030555555555555555
3 0.355078125 0.4340277777777778 0.01953125 0.034722222222222224
3 0.371484375 0.5090277777777777 0.021875 0.04861111111111111
3 0.36015625 0.4847222222222222 0.01796875 0.041666666666666664
3 0.371875 0.5541666666666667 0.01953125 0.0375
0 0.4515625 0.4673611111111111 0.053125 0.1111111111111111
0 0.551953125 0.35625 0.03671875 0.0625
0 0.50703125 0.35208333333333336 0.03125 0.05416666666666667
3 0.434765625 0.3104166666666667 0.025 0.043055555555555555
3 0.555859375 0.36944444444444446 0.015625 0.0375
3 0.48828125 0.3055555555555556 0.01015625 0.020833333333333332
3 0.4765625 0.3159722222222222 0.0140625 0.025
3 0.41171875 0.29583333333333334 0.01171875 0.022222222222222223
3 0.401953125 0.31805555555555554 0.01015625 0.019444444444444445
3 0.38203125 0.33055555555555555 0.01328125 0.02361111111111111
3 0.42421875 0.32430555555555557 0.01015625 0.020833333333333332
3 0.44921875 0.32083333333333336 0.01328125 0.02361111111111111
2 0.487109375 0.31875 0.01328125 0.022222222222222223
2 0.478125 0.33125 0.01015625 0.02361111111111111
2 0.45 0.3388888888888889 0.0109375 0.025
2 0.4125 0.3090277777777778 0.01015625 0.025
2 0.402734375 0.33402777777777776 0.0140625 0.027777777777777776
2 0.383203125 0.3486111111111111 0.01328125 0.02638888888888889
2 0.425 0.33958333333333335 0.01171875 0.02638888888888889
2 0.49765625 0.43472222222222223 0.01953125 0.04722222222222222
2 0.46796875 0.42430555555555555 0.0140625 0.03611111111111111
2 0.392578125 0.4173611111111111 0.01875 0.03611111111111111
2 0.391015625 0.475 0.02109375 0.05555555555555555
2 0.3546875 0.4652777777777778 0.01953125 0.04583333333333333
2 0.355859375 0.5270833333333333 0.01796875 0.05694444444444444
2 0.482421875 0.7381944444444445 0.03125 0.07777777777777778
2 0.6 0.8138888888888889 0.04375 0.12222222222222222
2 0.55078125 0.9270833333333334 0.0453125 0.12777777777777777
2 0.6296875 0.9076388888888889 0.04453125 0.13055555555555556
2 0.483984375 0.9048611111111111 0.03828125 0.125
2 0.44375 0.9534722222222223 0.04453125 0.08888888888888889
2 0.419921875 0.88125 0.04921875 0.14444444444444443
2 0.384765625 0.8125 0.03515625 0.10555555555555556
2 0.355078125 0.7930555555555555 0.028125 0.06805555555555555