0 0.765234375 0.6486111111111111 0.18515625 0.2611111111111111
0 0.4921875 0.3298611111111111 0.06796875 0.10277777777777777
0 0.623828125 0.41458333333333336 0.11171875 0.16111111111111112
0 0.392578125 0.45902777777777776 0.078125 0.1375
3 0.741796875 0.39166666666666666 0.03828125 0.0875
3 0.66328125 0.6513888888888889 0.05859375 0.11666666666666667
3 0.664453125 0.7819444444444444 0.05546875 0.10694444444444444
3 0.57734375 0.7159722222222222 0.0578125 0.1125
3 0.564453125 0.6166666666666667 0.0484375 0.10416666666666667
3 0.51171875 0.5055555555555555 0.0390625 0.07083333333333333
3 0.344140625 0.8152777777777778 0.05 0.09305555555555556
3 0.325390625 0.9131944444444444 0.05 0.09722222222222222
3 0.34921875 0.5145833333333333 0.03203125 0.07361111111111111
3 0.326953125 0.49027777777777776 0.02734375 0.058333333333333334
3 0.31171875 0.2833333333333333 0.01796875 0.03611111111111111
3 0.4125 0.3034722222222222 0.01640625 0.03611111111111111
3 0.396484375 0.28125 0.01484375 0.030555555555555555
3 0.4859375 0.22291666666666668 0.01484375 0.03333333333333333
3 0.461328125 0.2513888888888889 0.0171875 0.03333333333333333
3 0.44765625 0.22291666666666668 0.01640625 0.03333333333333333
3 0.376953125 0.19583333333333333 0.0125 0.02361111111111111
2 0.315234375 0.3020833333333333 0.02109375 0.04583333333333333
2 0.4171875 0.3298611111111111 0.02421875 0.05555555555555555
2 0.403125 0.31666666666666665 0.01875 0.04583333333333333
2 0.59453125 0.7972222222222223 0.06015625 0.15555555555555556
2 0.678125 0.8715277777777778 0.08125 0.1763888888888889
2 0.678125 0.7131944444444445 0.06171875 0.15555555555555556
2 0.537109375 0.6173611111111111 0.0453125 0.11944444444444445
2 0.579296875 0.6604166666666667 0.0546875 0.10972222222222222
2 0.389453125 0.7180555555555556 0.053125 0.1361111111111111
2 0.365234375 0.8833333333333333 0.06328125 0.16805555555555557
2 0.3328125 0.5236111111111111 0.03515625 0.07222222222222222
2 0.11640625 0.475 0.0234375 0.04861111111111111
0 0.47734375 0.7986111111111112 0.1703125 0.4027777777777778
0 0.43515625 0.5722222222222222 0.109375 0.2125
0 0.395703125 0.3951388888888889 0.0796875 0.14305555555555555
0 0.371875 0.3458333333333333 0.059375 0.1125
0 0.187109375 0.3763888888888889 0.0515625 0.09444444444444444