0 0.39765625 0.36180555555555555 0.0734375 0.14583333333333334
0 0.449609375 0.17569444444444443 0.03125 0.04861111111111111
0 0.425 0.5298611111111111 0.0953125 0.19305555555555556
3 0.771484375 0.7993055555555556 0.07109375 0.16527777777777777
3 0.66328125 0.8458333333333333 0.06875 0.14444444444444443
3 0.596875 0.6423611111111112 0.04453125 0.10138888888888889
3 0.530078125 0.74375 0.05625 0.10972222222222222
3 0.536328125 0.6513888888888889 0.046875 0.09583333333333334
3 0.494921875 0.48541666666666666 0.03515625 0.075
3 0.317578125 0.6520833333333333 0.04921875 0.10555555555555556
3 0.2765625 0.6208333333333333 0.05 0.10138888888888889
3 0.312890625 0.8458333333333333 0.06484375 0.11388888888888889
3 0.25625 0.7944444444444444 0.065625 0.12777777777777777
3 0.62109375 0.3451388888888889 0.0265625 0.05555555555555555
3 0.60234375 0.3909722222222222 0.03203125 0.07083333333333333
3 0.475 0.17847222222222223 0.01484375 0.029166666666666667
3 0.457421875 0.2604166666666667 0.0171875 0.03333333333333333
3 0.444921875 0.24305555555555555 0.01796875 0.03611111111111111
3 0.337890625 0.19305555555555556 0.01796875 0.034722222222222224
0 0.23046875 0.18819444444444444 0.04921875 0.08472222222222223
2 0.1421875 0.24097222222222223 0.0234375 0.05277777777777778
0 0.4140625 0.27291666666666664 0.05859375 0.10277777777777777
0 0.40625 0.16597222222222222 0.03671875 0.0625
0 0.394921875 0.13541666666666666 0.02890625 0.058333333333333334
0 0.43046875 0.7881944444444444 0.17578125 0.39861111111111114
2 0.656640625 0.9354166666666667 0.07109375 0.12916666666666668
2 0.591015625 0.6993055555555555 0.05625 0.12638888888888888
2 0.530078125 0.8270833333333333 0.0671875 0.15694444444444444
2 0.538671875 0.7027777777777777 0.05703125 0.1125
2 0.514453125 0.6319444444444444 0.04453125 0.11388888888888889
2 0.35390625 0.6395833333333333 0.04921875 0.1361111111111111
2 0.31796875 0.7347222222222223 0.0609375 0.13194444444444445
2 0.27421875 0.6881944444444444 0.05234375 0.12083333333333333
2 0.253125 0.8625 0.06875 0.1486111111111111
2 0.492578125 0.5256944444444445 0.0390625 0.06666666666666667
2 0.3109375 0.9069444444444444 0.0671875 0.09861111111111111
2 0.455078125 0.2902777777777778 0.02578125 0.058333333333333334
2 0.443359375 0.2659722222222222 0.02109375 0.05277777777777778
2 0.33828125 0.2125 0.01875 0.04583333333333333
2 0.369140625 0.12986111111111112 0.01328125 0.029166666666666667
2 0.40859375 0.13402777777777777 0.0125 0.025