4 0.48527343749999996 0.604 0.08360937499999999 0.14791666666666667
3 0.4865078125 0.9196111111111112 0.056062499999999994 0.10209722222222221
3 0.288796875 0.5113472222222223 0.027156249999999993 0.05886111111111111
3 0.4282109375 0.3819027777777778 0.016812499999999987 0.03540277777777779
3 0.4609375 0.36488888888888893 0.014484374999999971 0.03633333333333333
3 0.4817578125 0.3189027777777778 0.010085937500000064 0.02069444444444441
3 0.5010234375 0.3361388888888889 0.010343750000000007 0.024833333333333325
3 0.5169374999999999 0.3416666666666667 0.012671875000000022 0.030347222222222255
3 0.547328125 0.304875 0.010867187500000064 0.024833333333333325
3 0.6005390625 0.3210694444444444 0.009992187499999972 0.02201388888888892
3 0.604234375 0.3521388888888889 0.010585937499999965 0.033027777777777816
3 0.6163203125 0.36759722222222224 0.012382812499999929 0.02556944444444444
3 0.6047343749999999 0.37825 0.012789062499999915 0.03125
3 0.6266093749999999 0.40347222222222223 0.015382812500000042 0.029833333333333358
3 0.5940624999999999 0.4761805555555556 0.019406249999999937 0.039222222222222235
3 0.5785078125 0.5168333333333334 0.023398437500000036 0.04301388888888893
3 0.3327421875 0.9160555555555555 0.04893749999999999 0.10731944444444443
3 0.388109375 0.93225 0.041796875 0.10161111111111122
3 0.378109375 0.8030138888888888 0.03250781250000001 0.09843055555555572
3 0.524921875 0.7645972222222223 0.033937500000000044 0.08763888888888877
3 0.5129609375 0.8461944444444445 0.04000781250000003 0.10605555555555542
3 0.571359375 0.8077777777777778 0.04250781250000006 0.09144444444444433
3 0.54975 0.8935138888888889 0.03500781249999996 0.08255555555555563
3 0.44865625 0.8166666666666667 0.040718749999999915 0.10033333333333334
0 0.58009375 0.40880555555555553 0.046812500000000055 0.09109722222222226
2 0.41266406250000004 0.7690694444444445 0.042500000000000024 0.11480555555555567
2 0.373625 0.8721527777777779 0.042828125000000036 0.12886111111111107
2 0.4434765625 0.9157916666666667 0.04282812499999995 0.1317916666666668
2 0.5096953125 0.9023194444444443 0.04019531250000004 0.10368055555555568
2 0.5721328125 0.8809444444444444 0.0431640625 0.13237499999999994
2 0.54609375 0.9520833333333333 0.0390625 0.09583333333333334
2 0.525015625 0.8094861111111111 0.037890625 0.0948888888888888
2 0.51496875 0.7345138888888889 0.025039062499999966 0.07497222222222225
2 0.562578125 0.774625 0.02405468749999997 0.06852777777777766
2 0.577734375 0.5552777777777778 0.028664062500000042 0.0714583333333334
2 0.5917343749999999 0.5069583333333333 0.024382812500000028 0.059152777777777825
2 0.6236953125 0.42465277777777777 0.017789062499999987 0.04568055555555554
2 0.6168671875 0.38619444444444445 0.013914062499999958 0.03991666666666668
2 0.60528125 0.3936944444444444 0.014523437499999936 0.04334722222222227
2 0.6011171875 0.33229166666666665 0.011476562500000042 0.028888888888888905
2 0.6047265625 0.35829166666666673 0.013000000000000077 0.020222222222222187
2 0.853203125 0.5931944444444445 0.022554687499999913 0.07486111111111107
3 0.8511328125000001 0.5543611111111111 0.019554687500000157 0.04034722222222216