0 0.555546875 0.5564722222222223 0.08359375 0.14741666666666664
0 0.5482890625 0.35227777777777775 0.04016406250000006 0.058180555555555534
3 0.154 0.7385555555555555 0.04733593750000002 0.13455555555555562
0 0.5726015624999999 0.3025138888888889 0.028335937499999984 0.042777777777777796
0 0.49536718750000003 0.7304166666666666 0.11171875 0.22520833333333337
1 0.6866640625 0.3715694444444444 0.03147656249999997 0.07905555555555553
1 0.327984375 0.5642361111111112 0.07789843750000003 0.15854166666666664
3 0.27475 0.5540694444444445 0.032781250000000026 0.07402777777777772
3 0.36062500000000003 0.47891666666666666 0.02586718750000001 0.05526388888888884
3 0.44875 0.40109722222222227 0.018046874999999928 0.05040277777777773
3 0.41892968750000004 0.8152916666666666 0.04374218750000001 0.0948333333333333
3 0.3865 0.9107500000000001 0.04353125000000002 0.1054166666666668
3 0.48158593749999995 0.9447916666666667 0.05114062500000003 0.1104027777777778
3 0.5291328125 0.8645138888888889 0.04649218749999999 0.09111111111111099
3 0.5830234375 0.8320138888888888 0.04099218750000002 0.08545833333333329
3 0.54540625 0.9594027777777777 0.03423437499999995 0.07425000000000005
3 0.6070078125 0.9679027777777778 0.042054687499999945 0.06419444444444448
3 0.6312031250000001 0.8697777777777778 0.04099218750000002 0.08209722222222209
3 0.700296875 0.834111111111111 0.03972656249999993 0.07837500000000008
3 0.6397578125 0.779625 0.036554687499999974 0.07308333333333318
3 0.65190625 0.5033194444444444 0.025359375000000028 0.04343055555555553
3 0.65034375 0.3553611111111111 0.011054687500000071 0.031097222222222203
3 0.6115859375 0.3511944444444445 0.013570312499999914 0.032472222222222215
3 0.6358203125 0.36630555555555555 0.012960937499999936 0.026652777777777813
3 0.6517890625 0.2803888888888889 0.008765625000000022 0.01416666666666665
2 0.62059375 0.31190277777777775 0.00998437499999998 0.026972222222222245
2 0.6529140625000001 0.2987777777777778 0.011054687500000071 0.026680555555555527
2 0.66075 0.29362499999999997 0.008484374999999923 0.020958333333333298
2 0.670515625 0.29118055555555555 0.009343750000000029 0.0231527777777778
2 0.6115078125 0.3821805555555556 0.014992187500000042 0.03372222222222218
2 0.6361640625 0.39568055555555554 0.015257812499999978 0.04272222222222221
2 0.6490859375 0.3818194444444445 0.012460937500000036 0.04200000000000001
2 0.6515078125 0.5473194444444445 0.02524999999999995 0.07222222222222222
2 0.6091640625 0.7305694444444444 0.028843750000000057 0.09818055555555563
2 0.57215625 0.7553194444444445 0.037507812499999994 0.1082916666666667
2 0.752953125 0.8426805555555555 0.04000781250000003 0.10633333333333325
2 0.6954609375 0.919861111111111 0.04428125000000005 0.1202499999999999
2 0.6299140624999999 0.9450694444444445 0.03949999999999996 0.10984722222222211
2 0.5783359375 0.9100138888888889 0.045039062500000074 0.10413888888888892
2 0.4163671875 0.9020277777777779 0.03916406250000004 0.10894444444444452
2 0.5242265625 0.9461666666666667 0.04415624999999999 0.10273611111111115
2 0.633875 0.8357083333333334 0.03987499999999997 0.07415277777777791