0 0.23010156249999997 0.7128611111111111 0.18619531250000004 0.2513472222222223
0 0.460546875 0.7569444444444444 0.14140625 0.3277777777777778
0 0.484765625 0.5319444444444444 0.11015625 0.22777777777777777
0 0.5366328125 0.428875 0.07379687500000003 0.15758333333333335
0 0.5663125 0.2966111111111111 0.0713906249999999 0.12406944444444447
0 0.6412109375 0.3753611111111111 0.08504687499999992 0.21025
0 0.5829609375 0.21783333333333335 0.04932812500000008 0.07201388888888892
0 0.6748046875 0.1636388888888889 0.03650000000000002 0.0748611111111111
0 0.6008046874999999 0.1597222222222222 0.03689843750000001 0.069875
3 0.3881484375 0.3414861111111111 0.030601562499999967 0.060638888888888846
3 0.37400781250000004 0.3035555555555556 0.024203125000000013 0.05704166666666666
3 0.3984296875 0.2526805555555556 0.023570312500000013 0.05258333333333335
3 0.43851562499999996 0.25980555555555557 0.024929687500000065 0.04330555555555556
3 0.479390625 0.22230555555555556 0.02078906249999992 0.0455972222222222
2 0.6996640625 0.3591666666666667 0.024765625000000034 0.07569444444444444
2 0.6673828125 0.25105555555555553 0.016968750000000022 0.05448611111111114
3 0.5570078125 0.7749583333333334 0.06291406249999998 0.11986111111111104
3 0.5695546874999999 0.6740277777777778 0.046296874999999994 0.08762500000000005
2 0.6042500000000001 0.6204999999999999 0.03589843750000003 0.10477777777777786
3 0.6345859375 0.7843888888888889 0.05689843749999994 0.11483333333333343
3 0.62928125 0.669625 0.04346875000000008 0.07508333333333325
2 0.664625 0.6845555555555556 0.04417968749999997 0.18912500000000002
3 0.540125 0.21431944444444445 0.01442968750000002 0.036736111111111094
3 0.5538671875000001 0.196875 0.012929687499999964 0.03011111111111112
2 0.5543984375 0.8735972222222222 0.058296875000000095 0.17179166666666673
2 0.6288984375 0.8924861111111112 0.05042187499999997 0.15280555555555553
3 0.6671953125 0.6341111111111111 0.03794531249999995 0.08158333333333334
3 0.5779453125 0.5932638888888888 0.03239843750000002 0.07899999999999999
2 0.6413984375 0.6330972222222222 0.03498437499999998 0.09179166666666672
2 0.628203125 0.7323055555555555 0.041929687500000055 0.09222222222222227