0 0.3109375 0.5173611111111112 0.12578125 0.16944444444444445
0 0.084765625 0.7645833333333333 0.16953125 0.2847222222222222
0 0.295703125 0.6770833333333334 0.1734375 0.2652777777777778
0 0.43828125 0.7895833333333333 0.15546875 0.29305555555555557
0 0.507421875 0.6319444444444444 0.121875 0.2152777777777778
0 0.508984375 0.39375 0.0609375 0.09861111111111111
0 0.583203125 0.33541666666666664 0.03984375 0.07083333333333333
0 0.577734375 0.4888888888888889 0.065625 0.11944444444444445
0 0.612890625 0.4409722222222222 0.05234375 0.10833333333333334
0 0.605859375 0.37777777777777777 0.0390625 0.06527777777777778
0 0.623046875 0.36319444444444443 0.0375 0.0763888888888889
0 0.637109375 0.5520833333333334 0.06875 0.1527777777777778
0 0.65234375 0.48541666666666666 0.053125 0.09166666666666666
1 0.705859375 0.6159722222222223 0.06640625 0.1125
3 0.4546875 0.37222222222222223 0.02109375 0.04861111111111111
3 0.4609375 0.40694444444444444 0.02265625 0.05
3 0.491015625 0.34791666666666665 0.01796875 0.0375
3 0.54765625 0.39444444444444443 0.01875 0.04583333333333333
3 0.560546875 0.35833333333333334 0.01796875 0.041666666666666664
3 0.550390625 0.3229166666666667 0.0125 0.025
3 0.54921875 0.3416666666666667 0.015625 0.034722222222222224
3 0.57109375 0.30833333333333335 0.0125 0.027777777777777776
3 0.12890625 0.8159722222222222 0.05234375 0.12361111111111112
3 0.22890625 0.8256944444444444 0.06875 0.13333333333333333
3 0.34609375 0.8770833333333333 0.0546875 0.13333333333333333
3 0.39453125 0.8993055555555556 0.059375 0.13055555555555556
3 0.43984375 0.9375 0.0640625 0.11666666666666667
3 0.500390625 0.8743055555555556 0.05234375 0.10972222222222222
3 0.5078125 0.95625 0.053125 0.0875
3 0.55234375 0.8604166666666667 0.04609375 0.10277777777777777
3 0.53046875 0.7951388888888888 0.046875 0.10277777777777777
3 0.59765625 0.9138888888888889 0.0515625 0.11944444444444445
3 0.648046875 0.8680555555555556 0.05390625 0.11805555555555555
3 0.70546875 0.9034722222222222 0.05390625 0.10972222222222222
3 0.75859375 0.9201388888888888 0.046875 0.09861111111111111
3 0.648828125 0.9541666666666667 0.04921875 0.09166666666666666
3 0.58046875 0.7472222222222222 0.04921875 0.10416666666666667
3 0.579296875 0.6194444444444445 0.040625 0.08194444444444444
3 0.544921875 0.5201388888888889 0.028125 0.06111111111111111
3 0.5484375 0.7173611111111111 0.034375 0.07083333333333333
3 0.61171875 0.8173611111111111 0.046875 0.09166666666666666
3 0.57734375 0.42916666666666664 0.0171875 0.03611111111111111
3 0.653125 0.4152777777777778 0.0171875 0.03611111111111111
3 0.668359375 0.3729166666666667 0.0125 0.02638888888888889
3 0.655859375 0.38333333333333336 0.01328125 0.025
3 0.658984375 0.35138888888888886 0.0125 0.029166666666666667
3 0.683984375 0.36875 0.0140625 0.027777777777777776
3 0.69609375 0.3645833333333333 0.0109375 0.022222222222222223
3 0.6953125 0.39375 0.0125 0.02361111111111111
3 0.680859375 0.4354166666666667 0.01328125 0.029166666666666667
3 0.7046875 0.45555555555555555 0.01796875 0.03611111111111111
3 0.7171875 0.48680555555555555 0.01640625 0.034722222222222224
3 0.695703125 0.5173611111111112 0.0203125 0.043055555555555555
3 0.714453125 0.5569444444444445 0.01953125 0.04583333333333333
3 0.690234375 0.46041666666666664 0.01484375 0.034722222222222224
3 0.623828125 0.6020833333333333 0.03828125 0.05694444444444444
2 0.657421875 0.3680555555555556 0.0140625 0.02638888888888889
2 0.666796875 0.39305555555555555 0.01484375 0.0375
2 0.682421875 0.3888888888888889 0.01640625 0.0375
2 0.69375 0.3819444444444444 0.01328125 0.027777777777777776
2 0.65234375 0.4305555555555556 0.0203125 0.044444444444444446
2 0.676953125 0.4548611111111111 0.01640625 0.03611111111111111
2 0.692578125 0.4111111111111111 0.015625 0.030555555555555555
2 0.689453125 0.4326388888888889 0.01484375 0.030555555555555555
2 0.703125 0.48194444444444445 0.021875 0.04583333333333333
2 0.714453125 0.5166666666666667 0.01875 0.043055555555555555
2 0.69375 0.5493055555555556 0.02421875 0.05277777777777778
2 0.540625 0.5458333333333333 0.02265625 0.04027777777777778
2 0.483984375 0.94375 0.04453125 0.1125
2 0.540625 0.9361111111111111 0.0546875 0.12361111111111112
2 0.52109375 0.8298611111111112 0.04296875 0.08472222222222223
2 0.576171875 0.8048611111111111 0.04765625 0.10138888888888889
2 0.605859375 0.8638888888888889 0.04296875 0.08333333333333333
2 0.591796875 0.9520833333333333 0.05546875 0.09583333333333334
2 0.63984375 0.9256944444444445 0.0515625 0.10833333333333334
2 0.701953125 0.8569444444444444 0.04609375 0.08888888888888889
2 0.655859375 0.8243055555555555 0.0390625 0.08194444444444444
2 0.69375 0.95625 0.0515625 0.0875
2 0.751953125 0.9611111111111111 0.05234375 0.07777777777777778