0 0.4943046875 0.31626388888888884 0.06507031249999998 0.09234722222222219
0 0.3283125 0.5887083333333334 0.13230468750000002 0.18215277777777775
0 0.6029453124999999 0.44966666666666666 0.06952343750000001 0.1584166666666666
3 0.4270703125 0.3141388888888889 0.024398437500000016 0.06500000000000002
3 0.2572890625 0.4700416666666667 0.037765625000000025 0.07118055555555555
3 0.3580078125 0.3899583333333333 0.02592968750000004 0.06113888888888886
3 0.470171875 0.2462916666666667 0.022492187499999972 0.04679166666666666
3 0.5648359375 0.2769027777777778 0.018156250000000006 0.04130555555555557
4 0.5258125 0.24754166666666666 0.041976562500000016 0.06877777777777776
0 0.5755859375 0.20070833333333332 0.033984375 0.05170833333333334
0 0.6005 0.16484722222222223 0.025125000000000064 0.03350000000000001
0 0.6350625 0.17819444444444446 0.022453125000000008 0.039513888888888876
0 0.617046875 0.22091666666666668 0.025882812500000085 0.037291666666666695
0 0.63253125 0.23675000000000002 0.028914062499999994 0.050236111111111134
0 0.6334453124999999 0.201875 0.024445312499999972 0.029305555555555588
3 0.6229609375 0.162375 0.009875000000000078 0.019861111111111128
2 0.6225078125 0.17308333333333334 0.01121093749999993 0.025208333333333322
0 0.61540625 0.2565138888888889 0.03501562499999995 0.045625000000000034
0 0.6779765624999999 0.28068055555555554 0.03663281250000008 0.07763888888888885
0 0.793109375 0.27681944444444445 0.04419531249999995 0.06604166666666668
0 0.669390625 0.29827777777777775 0.041726562500000064 0.07033333333333332
0 0.6108046875 0.30744444444444446 0.047843750000000004 0.090625
0 0.5934609375 0.3612361111111111 0.05840624999999999 0.10805555555555553
0 0.6683046874999999 0.37261111111111106 0.05677343750000006 0.10859722222222226
0 0.5723359375 0.5551666666666667 0.08139062500000005 0.18498611111111118
0 0.5549062499999999 0.7923888888888888 0.13811718749999996 0.36361111111111105
3 0.644328125 0.2556388888888889 0.01665624999999995 0.027583333333333352
3 0.5795703125 0.2642083333333333 0.013445312500000028 0.032124999999999994
3 0.665 0.20877777777777776 0.01244531250000005 0.020722222222222246
3 0.671828125 0.17525000000000002 0.009398437499999978 0.020166666666666663
3 0.678 0.20627777777777778 0.008999999999999985 0.017847222222222254
3 0.6754374999999999 0.23175 0.011031249999999914 0.023513888888888897
3 0.683234375 0.21995833333333334 0.010765624999999978 0.0211527777777778
3 0.6900703125 0.2425 0.009835937499999937 0.0216666666666667
3 0.7141640625 0.2891666666666666 0.018453124999999914 0.0336527777777778
3 0.72309375 0.34475 0.019601562499999937 0.03727777777777774
3 0.6805 0.41088888888888886 0.020140624999999978 0.042611111111111044
3 0.66846875 0.437375 0.01899218749999996 0.04072222222222229
3 0.6505859375 0.46493055555555557 0.023812500000000014 0.04772222222222224
2 0.669234375 0.4709027777777778 0.02410156249999993 0.048347222222222305
2 0.6804296875 0.4458888888888889 0.019828125000000085 0.05279166666666665
2 0.7220234375000001 0.38463888888888886 0.024624999999999987 0.05974999999999998
2 0.7141093749999999 0.3179722222222222 0.019148437499999994 0.04647222222222219
2 0.6429296875 0.27968055555555554 0.015031250000000006 0.04079166666666667
2 0.6648203125000001 0.22669444444444445 0.012726562499999972 0.03231944444444442
2 0.671875 0.19236111111111112 0.009335937500000035 0.024083333333333297
2 0.5658359374999999 0.3061111111111111 0.017875000000000085 0.05098611111111108
2 0.5785546874999999 0.29368055555555556 0.016695312499999913 0.04509722222222226
2 0.3590703125 0.9177361111111111 0.05918749999999999 0.15904166666666666
2 0.34402343750000003 0.769625 0.04585156250000004 0.11955555555555554
2 0.43616406249999995 0.8220694444444444 0.06099218749999995 0.15494444444444436
2 0.44223437499999996 0.6851944444444444 0.05239843749999995 0.10245833333333339
2 0.47284375 0.627625 0.03461718749999996 0.11355555555555555
2 0.6291640625 0.67825 0.03929687499999997 0.12262500000000003
2 0.6633125 0.8968888888888888 0.05165624999999992 0.14083333333333345
2 0.6776953125 0.7359722222222221 0.040617187500000006 0.08913888888888898
2 0.7055234375 0.9423194444444445 0.05320312499999993 0.11459722222222221
3 0.350140625 0.6975277777777779 0.04656250000000002 0.08593055555555548
3 0.3703828125 0.8256527777777778 0.04572656249999998 0.09502777777777788
3 0.43965624999999997 0.7380277777777777 0.04806249999999999 0.08844444444444445
3 0.44837499999999997 0.6274861111111112 0.04107031249999995 0.09613888888888893
3 0.4888125 0.5135555555555555 0.03741406250000008 0.07534722222222222
3 0.6798515625 0.68575 0.040414062500000014 0.0965138888888889
3 0.666703125 0.797875 0.04375 0.10793055555555561
3 0.73346875 0.8339166666666666 0.0021250000000000214 0.007999999999999988