0 0.2699453125 0.6650833333333334 0.16103125000000001 0.21226388888888886
0 0.4393828125 0.3630694444444445 0.07484374999999996 0.10401388888888886
3 0.1203828125 0.605875 0.048851562500000015 0.10668055555555547
0 0.603046875 0.44429166666666664 0.06911718750000002 0.14812499999999998
3 0.5021484375 0.2595277777777778 0.01824218749999993 0.043555555555555577
3 0.353828125 0.6733472222222221 0.040625 0.09404166666666663
3 0.347390625 0.8634027777777777 0.043234375000000026 0.0979027777777778
3 0.446109375 0.7337777777777779 0.04321874999999995 0.08655555555555555
3 0.45201562500000003 0.6310555555555556 0.033445312499999956 0.07747222222222218
3 0.4908203125 0.5142638888888889 0.03207812499999996 0.05888888888888886
3 0.6843359375 0.7586944444444444 0.04271093750000006 0.08813888888888893
3 0.7109062500000001 0.855013888888889 0.04607031250000002 0.08443055555555551
3 0.6600546875 0.4168472222222222 0.026843749999999923 0.052722222222222274
3 0.673171875 0.26305555555555554 0.014437500000000015 0.02890277777777778
3 0.5671328124999999 0.2784861111111111 0.014523437499999936 0.03049999999999997
3 0.5763828125 0.2541527777777778 0.010289062500000057 0.031013888888888865
3 0.57996875 0.2635 0.0115234375 0.029236111111111126
3 0.5304921874999999 0.2162361111111111 0.012585937499999922 0.030402777777777758
3 0.566015625 0.22227777777777777 0.015445312499999985 0.029486111111111137
3 0.5964765625 0.17927777777777779 0.012171874999999943 0.02744444444444443
3 0.6050859375 0.16422222222222221 0.009851562499999921 0.023361111111111103
3 0.5668671875 0.18054166666666668 0.011164062499999971 0.022277777777777785
3 0.578421875 0.16930555555555557 0.011328125 0.02109722222222222
2 0.341984375 0.7663194444444444 0.04943749999999998 0.12343055555555549
2 0.34134375 0.93475 0.05222656250000002 0.1284722222222222
2 0.4360390625 0.8183055555555555 0.05360937500000009 0.14415277777777774
2 0.443421875 0.6872916666666667 0.05072656250000005 0.11016666666666658
2 0.46987500000000004 0.6288750000000001 0.031007812500000044 0.11036111111111116
2 0.6749375 0.8433194444444445 0.049515625000000084 0.1555416666666667
2 0.7559218750000001 0.7125277777777778 0.045882812500000016 0.12080555555555558
2 0.6301875 0.673625 0.04494531249999998 0.12880555555555556
2 0.6597734375 0.45933333333333337 0.03071093749999996 0.06934722222222216
2 0.56490625 0.30679166666666663 0.01953125 0.05218055555555555
2 0.672703125 0.28752777777777777 0.017406249999999977 0.0433472222222222
0 0.614765625 0.25345833333333334 0.03859375000000007 0.05306944444444442
0 0.6116328125 0.3051111111111111 0.04907812499999995 0.08805555555555553
0 0.5913203125 0.36159722222222224 0.06476562500000008 0.11715277777777781
0 0.5717421875 0.5544722222222223 0.08571875000000002 0.1835972222222223
0 0.554515625 0.7959861111111112 0.13551562500000003 0.35347222222222224