0 0.219140625 0.6618055555555555 0.2 0.2847222222222222
0 0.445703125 0.7479166666666667 0.16015625 0.3527777777777778
0 0.4828125 0.5291666666666667 0.12265625 0.24722222222222223
0 0.540625 0.4361111111111111 0.0828125 0.17083333333333334
0 0.577734375 0.30972222222222223 0.078125 0.1361111111111111
0 0.64765625 0.40208333333333335 0.096875 0.225
0 0.59921875 0.23472222222222222 0.053125 0.08055555555555556
0 0.69375 0.19791666666666666 0.040625 0.08055555555555556
0 0.6203125 0.18055555555555555 0.040625 0.0763888888888889
3 0.398046875 0.3215277777777778 0.034375 0.06666666666666667
3 0.386328125 0.28125 0.02734375 0.06111111111111111
3 0.413671875 0.23541666666666666 0.0265625 0.05694444444444444
3 0.453125 0.25 0.02734375 0.04722222222222222
3 0.495703125 0.22013888888888888 0.0234375 0.04861111111111111
2 0.70703125 0.3972222222222222 0.02890625 0.08055555555555556
2 0.68125 0.2833333333333333 0.0203125 0.05694444444444444
3 0.540625 0.7840277777777778 0.06953125 0.13055555555555556
3 0.558984375 0.6861111111111111 0.0515625 0.09583333333333334
2 0.596484375 0.6388888888888888 0.0421875 0.1111111111111111
3 0.6171875 0.8076388888888889 0.06328125 0.125
3 0.61875 0.6930555555555555 0.04765625 0.08333333333333333
2 0.652734375 0.7138888888888889 0.0546875 0.19583333333333333
3 0.556640625 0.22361111111111112 0.01640625 0.03888888888888889
3 0.571484375 0.20833333333333334 0.01484375 0.03194444444444444
2 0.53203125 0.8819444444444444 0.06796875 0.18194444444444444
2 0.605078125 0.9145833333333333 0.059375 0.16111111111111112
3 0.658203125 0.6645833333333333 0.0421875 0.0875
3 0.571875 0.6069444444444444 0.03671875 0.08472222222222223
2 0.6328125 0.6583333333333333 0.03984375 0.09722222222222222
2 0.613671875 0.7548611111111111 0.046875 0.1