0 0.509375 0.30972222222222223 0.05859375 0.08472222222222223
0 0.346875 0.2777777777777778 0.0484375 0.09305555555555556
4 0.71953125 0.7381944444444445 0.2015625 0.30277777777777776
0 0.404296875 0.40555555555555556 0.075 0.13333333333333333
3 0.6796875 0.4652777777777778 0.02890625 0.07222222222222222
3 0.7953125 0.9652777777777778 0.06875 0.06944444444444445
3 0.625 0.4013888888888889 0.02734375 0.06388888888888888
3 0.6140625 0.4284722222222222 0.02578125 0.06805555555555555
3 0.562109375 0.4388888888888889 0.03515625 0.06666666666666667
3 0.634375 0.7215277777777778 0.04375 0.08333333333333333
3 0.611328125 0.8534722222222222 0.046875 0.10277777777777777
3 0.5390625 0.7388888888888889 0.04609375 0.09861111111111111
3 0.54140625 0.6395833333333333 0.03671875 0.07916666666666666
3 0.506640625 0.5131944444444444 0.03359375 0.07222222222222222
3 0.335546875 0.39652777777777776 0.028125 0.058333333333333334
3 0.35234375 0.4340277777777778 0.03125 0.05694444444444444
3 0.3140625 0.75625 0.04140625 0.1
3 0.2671875 0.8263888888888888 0.0515625 0.10138888888888889
0 0.42421875 0.7784722222222222 0.16328125 0.3819444444444444
0 0.4234375 0.5347222222222222 0.09375 0.2
0 0.401953125 0.2847222222222222 0.04921875 0.09861111111111111
0 0.41640625 0.34097222222222223 0.06875 0.13333333333333333
0 0.35234375 0.21805555555555556 0.0421875 0.07361111111111111
0 0.447265625 0.19652777777777777 0.0390625 0.06666666666666667
0 0.425390625 0.17083333333333334 0.03046875 0.05277777777777778
0 0.411328125 0.13125 0.021875 0.03611111111111111
0 0.376171875 0.15208333333333332 0.0296875 0.05138888888888889
3 0.59765625 0.36041666666666666 0.02421875 0.05277777777777778
3 0.581640625 0.38055555555555554 0.02890625 0.05555555555555555
3 0.5890625 0.3284722222222222 0.0203125 0.04722222222222222
3 0.560546875 0.32569444444444445 0.02578125 0.05138888888888889
3 0.5546875 0.2826388888888889 0.01875 0.03888888888888889
3 0.5078125 0.23819444444444443 0.01953125 0.03611111111111111
3 0.482421875 0.19791666666666666 0.015625 0.029166666666666667
3 0.46484375 0.2111111111111111 0.015625 0.030555555555555555
3 0.44921875 0.2652777777777778 0.01875 0.0375
3 0.4390625 0.24027777777777778 0.01484375 0.03194444444444444
3 0.39453125 0.19166666666666668 0.01484375 0.027777777777777776
3 0.323828125 0.20694444444444443 0.0140625 0.027777777777777776
3 0.313671875 0.24722222222222223 0.01640625 0.03194444444444444
3 0.23671875 0.2375 0.01875 0.03611111111111111
3 0.30625 0.2152777777777778 0.01875 0.03333333333333333
2 0.63671875 0.7986111111111112 0.05625 0.12777777777777777
2 0.606640625 0.9319444444444445 0.06796875 0.1361111111111111
2 0.5421875 0.83125 0.06328125 0.16527777777777777
2 0.54375 0.6986111111111111 0.05234375 0.11527777777777778
2 0.5171875 0.6333333333333333 0.0484375 0.12916666666666668
2 0.35703125 0.6520833333333333 0.05390625 0.1388888888888889
2 0.298828125 0.6472222222222223 0.04765625 0.12222222222222222
2 0.3078125 0.8486111111111111 0.06171875 0.16111111111111112
2 0.262890625 0.9069444444444444 0.053125 0.1
2 0.219140625 0.6361111111111111 0.0421875 0.09861111111111111
2 0.334375 0.4354166666666667 0.028125 0.0625
2 0.31171875 0.27708333333333335 0.021875 0.05555555555555555
2 0.32265625 0.2326388888888889 0.0171875 0.041666666666666664
2 0.4484375 0.2923611111111111 0.02109375 0.04861111111111111
2 0.4375 0.2708333333333333 0.01875 0.04722222222222222
2 0.392578125 0.2111111111111111 0.0140625 0.030555555555555555