0 0.541796875 0.5722222222222222 0.0859375 0.1527777777777778
0 0.579296875 0.4618055555555556 0.05546875 0.10694444444444444
3 0.383984375 0.9194444444444444 0.06640625 0.13055555555555556
3 0.5171875 0.33125 0.01640625 0.04583333333333333
2 0.653125 0.4486111111111111 0.0203125 0.04722222222222222
3 0.63515625 0.5659722222222222 0.0234375 0.058333333333333334
3 0.590625 0.28541666666666665 0.009375 0.029166666666666667
2 0.697265625 0.4305555555555556 0.01796875 0.04583333333333333
3 0.36328125 0.7256944444444444 0.03984375 0.0875
3 0.654296875 0.4125 0.021875 0.03888888888888889
3 0.554296875 0.7868055555555555 0.0328125 0.06944444444444445
3 0.47734375 0.3729166666666667 0.01796875 0.03611111111111111
3 0.662890625 0.5048611111111111 0.021875 0.044444444444444446
3 0.55625 0.32708333333333334 0.0171875 0.029166666666666667
3 0.687109375 0.3423611111111111 0.0140625 0.03194444444444444
2 0.660546875 0.5763888888888888 0.0265625 0.05138888888888889
3 0.4140625 0.8215277777777777 0.04453125 0.10416666666666667
3 0.474609375 0.9444444444444444 0.05546875 0.1111111111111111
3 0.526171875 0.8673611111111111 0.046875 0.08333333333333333
3 0.576171875 0.8395833333333333 0.0390625 0.09166666666666666
3 0.545703125 0.9520833333333333 0.04765625 0.09583333333333334
3 0.601953125 0.9680555555555556 0.04140625 0.06388888888888888
3 0.630078125 0.8777777777777778 0.0421875 0.09305555555555556
3 0.6875 0.9152777777777777 0.03671875 0.08472222222222223
3 0.67578125 0.8152777777777778 0.03671875 0.08611111111111111
3 0.63828125 0.7902777777777777 0.03828125 0.08472222222222223
3 0.5625 0.7111111111111111 0.03359375 0.08194444444444444
3 0.598828125 0.7243055555555555 0.0359375 0.08194444444444444
3 0.611328125 0.5361111111111111 0.03046875 0.05138888888888889
3 0.72890625 0.4826388888888889 0.02421875 0.05138888888888889
3 0.556640625 0.38680555555555557 0.01796875 0.03194444444444444
3 0.58125 0.36041666666666666 0.01953125 0.03611111111111111
3 0.659765625 0.3861111111111111 0.0140625 0.030555555555555555
3 0.69765625 0.3972222222222222 0.015625 0.034722222222222224
0 0.337109375 0.6006944444444444 0.13046875 0.17222222222222222
0 0.4875 0.7347222222222223 0.11796875 0.24027777777777778
0 0.605078125 0.4097222222222222 0.0484375 0.09444444444444444
3 0.547265625 0.3173611111111111 0.0140625 0.030555555555555555
0 0.6265625 0.28888888888888886 0.0265625 0.05555555555555555
0 0.60859375 0.3263888888888889 0.0359375 0.06527777777777778
0 0.65546875 0.3215277777777778 0.028125 0.06111111111111111
2 0.58046875 0.39166666666666666 0.0171875 0.044444444444444446
2 0.55625 0.4083333333333333 0.0203125 0.04722222222222222
2 0.687109375 0.35694444444444445 0.01328125 0.03333333333333333
2 0.68828125 0.3888888888888889 0.01328125 0.03194444444444444
2 0.608203125 0.5743055555555555 0.02578125 0.0763888888888889
2 0.731640625 0.5194444444444445 0.028125 0.05555555555555555
2 0.596484375 0.7833333333333333 0.0375 0.09722222222222222
2 0.635546875 0.8326388888888889 0.03984375 0.08472222222222223
2 0.547265625 0.8201388888888889 0.0375 0.0763888888888889
2 0.51640625 0.9486111111111111 0.040625 0.10277777777777777
2 0.574609375 0.9145833333333333 0.0421875 0.10833333333333334
2 0.626953125 0.9402777777777778 0.04921875 0.11944444444444445
2 0.67734375 0.9611111111111111 0.0421875 0.07777777777777778
2 0.67265625 0.8777777777777778 0.03984375 0.08888888888888889
2 0.413671875 0.8895833333333333 0.040625 0.09583333333333334
1 0.7109375 0.5659722222222222 0.0546875 0.1111111111111111