0 0.535546875 0.5858333333333333 0.09839843750000003 0.1333472222222222
0 0.50203125 0.42923611111111115 0.05896093750000002 0.08394444444444436
0 0.5756328125 0.46422222222222226 0.06286718750000002 0.09293055555555552
3 0.3832109375 0.9139305555555555 0.05046874999999997 0.11469444444444435
0 0.608546875 0.40744444444444444 0.04085937499999996 0.08268055555555552
0 0.48791406249999997 0.37580555555555556 0.050156250000000034 0.05872222222222218
0 0.5960859375 0.3496805555555556 0.033984375 0.043416666666666694
0 0.6101875 0.32955555555555555 0.03246093749999997 0.0641388888888889
0 0.5658046875 0.3209444444444445 0.03307031249999994 0.05655555555555551
3 0.28535937499999997 0.8372083333333333 0.04301562499999996 0.10519444444444445
3 0.3183359375 0.5506805555555556 0.027523437500000015 0.0655694444444445
3 0.4068203125 0.4203472222222222 0.019960937499999963 0.04254166666666666
3 0.4553984375 0.4682777777777778 0.023195312500000044 0.04937499999999994
3 0.46311718749999997 0.40252777777777776 0.018960937499999986 0.04527777777777781
3 0.5535546874999999 0.3857638888888889 0.01867187500000007 0.035958333333333314
3 0.570609375 0.4038472222222222 0.010906250000000029 0.02369444444444437
3 0.5741328125 0.3804722222222222 0.018453124999999914 0.03255555555555563
3 0.565734375 0.3700555555555555 0.015054687499999986 0.02947222222222226
3 0.5490859375 0.46475 0.022164062499999915 0.037097222222222274
3 0.4295625 0.9207083333333332 0.046015625000000074 0.09695833333333326
3 0.483234375 0.9465833333333333 0.05001562499999999 0.10351388888888885
3 0.5319375 0.87275 0.04242187499999996 0.09149999999999983
3 0.5436796875 0.9669027777777777 0.03983593750000001 0.06619444444444456
3 0.5606093750000001 0.9537916666666667 0.03307031249999994 0.09241666666666662
3 0.581171875 0.8437083333333334 0.03656249999999996 0.0867777777777778
3 0.557734375 0.7804722222222223 0.03543749999999992 0.08481944444444435
3 0.631625 0.873013888888889 0.041132812500000074 0.0839027777777779
3 0.6794921875 0.8136527777777778 0.03951562499999994 0.09112499999999986
3 0.746015625 0.8381944444444445 0.04000781250000003 0.08851388888888892
3 0.6871171875 0.9064166666666666 0.034242187499999945 0.08890277777777776
3 0.5658125 0.7122361111111111 0.033210937499999996 0.0828888888888889
3 0.60375 0.7257777777777777 0.03810937499999998 0.0879166666666666
3 0.63878125 0.7844861111111112 0.040281249999999956 0.09552777777777774
3 0.6080234375 0.5487777777777778 0.02570312500000007 0.055444444444444387
3 0.632 0.5676527777777778 0.02510937500000008 0.058236111111111044
3 0.7423671875 0.5627916666666667 0.020742187499999964 0.0485277777777777
3 0.8092421875 0.4854444444444444 0.02098437500000001 0.048638888888888863
3 0.6855859375 0.3890972222222222 0.014132812499999935 0.030777777777777734
3 0.6920859375 0.36695833333333333 0.011703125000000014 0.027000000000000038
3 0.67865625 0.32359722222222226 0.011296875000000029 0.020611111111111077
3 0.6693984375 0.3504305555555556 0.013359374999999929 0.028569444444444474
2 0.52271875 0.9496388888888889 0.03923437500000002 0.09620833333333331
2 0.5787265625 0.9077500000000001 0.03989062499999996 0.09458333333333321
2 0.632578125 0.9393194444444444 0.050742187500000036 0.11686111111111125
2 0.6851015625 0.9549166666666666 0.04821875000000002 0.09016666666666677
2 0.7462265625 0.9276527777777778 0.05028906250000009 0.14363888888888898
2 0.6765 0.8710138888888889 0.04235937500000002 0.09562499999999988
2 0.5990234375 0.7784305555555556 0.03361718749999998 0.0908750000000001
2 0.6061171875 0.5932499999999999 0.031648437499999994 0.06709722222222214
2 0.8134296875 0.5174861111111111 0.021585937500000086 0.052277777777777756
2 0.6873671875 0.41355555555555557 0.019601562499999937 0.04505555555555563
2 0.6691953125000001 0.37154166666666666 0.015929687500000077 0.03975000000000001
2 0.679296875 0.33861111111111114 0.012664062500000028 0.033750000000000016
2 0.65909375 0.35766666666666663 0.012093750000000014 0.03277777777777781
0 0.466671875 0.7865416666666666 0.1234375 0.23408333333333328
0 0.3840859375 0.6347222222222222 0.11282031250000002 0.19511111111111112
0 0.6441171875 0.5066805555555556 0.06287500000000001 0.13313888888888892
0 0.653828125 0.42580555555555555 0.05252343750000001 0.07723611111111113
0 0.59509375 0.28181944444444446 0.02351562499999993 0.03845833333333333
1 0.70959375 0.5624861111111111 0.06349218749999999 0.10749999999999997