3 0.2045859375 0.8073888888888889 0.038664062500000006 0.10327777777777764
3 0.24709374999999997 0.5945694444444444 0.02923437499999997 0.08113888888888883
3 0.383828125 0.5305555555555556 0.028164062499999965 0.06719444444444443
3 0.3340859375 0.9121388888888889 0.0399375 0.09508333333333338
3 0.3966640625 0.7844166666666667 0.036015624999999975 0.08684722222222219
3 0.378125 0.43198611111111107 0.018187499999999978 0.04247222222222228
3 0.4105703125 0.4110694444444445 0.01604687499999997 0.03866666666666671
3 0.47474999999999995 0.3400694444444444 0.010343750000000007 0.033597222222222216
3 0.510046875 0.2995 0.00962499999999995 0.022180555555555592
3 0.517109375 0.3814583333333333 0.013804687500000056 0.02652777777777781
3 0.5386015625 0.39393055555555556 0.014921874999999928 0.025333333333333347
3 0.5338125 0.4895416666666667 0.017812499999999964 0.043152777777777845
3 0.5577578125 0.47826388888888893 0.018039062499999935 0.040388888888888946
3 0.5784687500000001 0.453125 0.022492187499999972 0.045527777777777736
3 0.5860390625 0.34008333333333335 0.012250000000000049 0.020583333333333325
3 0.608421875 0.3448472222222222 0.0111328125 0.022166666666666637
3 0.5897109375 0.375125 0.009796874999999972 0.02177777777777771
3 0.6143203125000001 0.39393055555555556 0.014031250000000028 0.029291666666666712
3 0.486625 0.921138888888889 0.048820312500000004 0.11315277777777781
3 0.5552109375 0.8673055555555556 0.04139843750000001 0.07359722222222223
2 0.3920859375 0.8619722222222223 0.04564843750000001 0.13393055555555564
2 0.549609375 0.9458333333333333 0.04921875 0.10833333333333334
2 0.532671875 0.5330277777777778 0.023179687500000056 0.05974999999999998
2 0.5568906250000001 0.5165416666666667 0.02248437499999998 0.056458333333333305
2 0.5767109375 0.4872916666666667 0.022250000000000013 0.06552777777777771
2 0.613453125 0.41970833333333335 0.0173828125 0.04326388888888886
2 0.5898125000000001 0.39683333333333337 0.014601562500000043 0.03544444444444442
2 0.5389296875 0.41641666666666666 0.01668749999999992 0.046569444444444406
2 0.5180703125 0.40529166666666666 0.019468750000000055 0.046569444444444406
2 0.5838984375 0.3599583333333334 0.013906249999999964 0.03420833333333333
2 0.6088125 0.36427777777777776 0.013679687499999992 0.033791666666666685
2 0.5575859375000001 0.2921666666666667 0.008578125000000015 0.02390277777777775
0 0.57059375 0.28011111111111114 0.018421874999999942 0.03727777777777774
3 0.8490078125 0.5551527777777777 0.0208984375 0.043972222222222176
3 0.853703125 0.5994722222222222 0.020710937500000172 0.06033333333333341